10
15
9
13
28
8
9
0
7
21
10
0
7
12
20
10
7
18
23
8
8
4
13
16
29
27
23
23
8
7
12
13
18
9
8
21
26
10
2
22
27
4
24
14
1
4
13
23
17
3
13
20
5
11
10
4
16
22
23
26
4
12
27
22
22
6
4
1
1
29
20
3
25
17
2
8
22
24
12
7
28
1
24
5
9
14
11
8
3
17
8
19
18
28
11
4
5
27
24
24
18
28
5
19
18
17
24
3
17
20
0
16
3
7
24
8
22
6
18
18
16
6
19
6
19
11
29
12
15
21
21
9
21
0
19
10
26
1
11
0
24
17
15
12
13
9
10
15
20
1
9
15
20
14
26
6
16
16
0
5
13
6
0
26
17
9
16
21
23
12
19
14
22
14
18
27
25
26
21
26
14
23
20
14
15
25
1
25
28
13
0
25
6
17
2
2
15
21
20
23
4
5
1
3
4
7
23
13
7
23
28
25
16
29
27
3
5
15
24
11
15
1
26
13
14
29
3
27
21
21
5
29
2
7
22
24
2
29
28
5
16
19
11
25
7
29
28
3
5
6
0
22
10
12
9
19
16
26
4
14
10
29
25
19
2
18
18
12
1
17
15
22
14
3
25
25
9
11
2
29
27
2
11
28
28
20
11
26
19
27
6
6
20
12
10
8
27
2
17
0
