0
4
14
13
13
5
17
12
19
15
4
5
18
2
18
14
10
11
19
5
17
16
6
6
3
11
6
1
16
0
11
12
2
17
0
0
15
13
11
6
1
6
5
17
11
15
15
10
16
1
5
7
7
7
1
1
16
10
9
16
11
1
18
8
16
4
10
2
15
10
19
2
3
13
4
15
14
14
12
5
2
13
7
17
4
8
5
18
17
0
2
14
4
14
1
12
17
8
8
16
18
0
9
10
19
12
19
9
8
13
16
6
6
9
15
9
18
3
11
3
3
17
13
18
14
5
19
8
17
15
5
3
14
4
16
12
9
12
2
6
10
0
2
11
19
6
19
0
7
1
18
13
7
19
3
3
9
2
6
4
17
0
13
8
4
2
19
14
18
5
11
3
9
1
12
3
8
9
16
6
15
6
1
2
0
18
11
5
4
19
17
14
7
13
9
8
18
16
7
13
19
2
9
8
13
3
10
1
12
12
17
6
9
11
18
7
5
2
4
8
0
15
10
18
1
12
15
16
19
8
15
10
16
3
11
14
14
3
13
7
13
14
10
4
0
15
17
8
11
16
2
17
10
3
5
8
9
12
19
6
7
18
15
5
11
7
1
1
4
0
9
10
19
10
12
12
7
11
4
7
12
0
6
1
7
15
13
0
17
3
2
5
4
16
10
8
14
14
18
9
