3
9
9
8
4
3
7
1
8
9
4
2
5
3
8
4
1
5
2
4
8
2
4
3
3
8
0
4
6
9
0
9
9
8
8
5
7
7
3
6
9
6
9
0
8
4
1
3
0
0
5
0
8
5
3
0
8
8
8
3
4
9
8
4
9
0
6
7
4
8
4
7
4
3
4
6
3
2
4
8
3
8
4
3
2
5
5
0
6
6
8
3
6
6
3
9
4
6
4
0
9
9
0
7
7
2
2
6
7
5
7
1
9
5
1
6
1
0
7
6
1
6
9
8
0
4
2
9
7
9
2
2
0
1
0
7
0
2
1
1
2
5
5
5
0
1
0
2
3
8
5
8
7
7
6
9
6
7
7
2
6
4
6
6
5
3
7
5
0
7
2
3
9
7
1
8
8
7
1
9
3
8
4
6
4
9
1
8
4
7
8
1
3
5
0
2
8
5
5
2
7
9
9
3
9
1
9
3
9
6
2
1
1
0
4
5
5
6
1
4
3
7
3
2
6
7
0
6
1
6
4
1
2
6
7
7
1
8
0
0
0
2
2
6
2
9
5
5
5
4
7
2
7
8
2
6
5
2
6
3
4
8
4
1
5
3
1
5
4
2
5
9
7
0
2
0
5
6
3
0
5
3
5
1
9
7
1
1
4
3
9
0
2
3
8
1
1
2
1
0
