18
15
18
3
26
1
4
28
19
27
16
23
3
25
13
17
16
7
23
4
8
5
2
12
18
5
20
29
27
23
18
0
26
9
1
20
1
28
13
4
29
23
20
25
24
12
7
20
11
25
26
29
23
3
1
27
25
5
0
17
3
16
10
12
16
9
1
8
16
22
8
23
5
18
0
26
29
7
7
2
6
22
6
20
18
26
12
21
3
7
5
2
12
28
18
29
1
14
9
24
19
17
19
22
24
1
18
13
25
13
24
20
8
0
7
19
17
27
10
21
22
15
14
19
14
25
16
5
11
16
22
27
13
21
15
11
24
22
28
14
2
13
13
19
25
2
19
17
4
22
1
6
22
6
15
10
24
24
9
21
28
12
11
29
13
0
13
5
28
29
26
20
20
28
22
10
28
4
29
19
9
0
4
18
5
23
20
25
23
19
27
11
22
25
14
8
11
23
0
6
17
17
24
15
14
7
16
21
25
21
12
15
8
19
26
5
3
10
3
15
0
7
13
21
10
29
29
2
26
18
17
24
4
27
27
26
24
4
12
27
3
1
17
10
17
23
9
27
6
4
2
28
26
14
2
5
28
12
10
2
10
8
11
8
11
9
16
21
0
7
15
21
15
20
9
6
0
9
8
11
16
1
11
21
14
3
15
9
10
8
3
6
2
6
6
14
4
7
14
12
