0
5
9
2
8
3
0
0
3
0
2
2
8
0
0
3
3
2
1
4
5
4
4
0
0
0
0
1
1
5
8
4
6
6
3
9
8
8
4
3
5
0
3
9
8
0
0
3
8
9
4
0
0
8
7
1
7
9
3
1
7
7
4
2
9
1
8
0
8
8
3
7
1
1
6
1
8
3
1
7
0
3
2
5
2
7
8
9
1
1
7
7
9
3
4
7
6
9
6
4
7
9
3
4
8
1
4
3
3
3
6
9
9
4
9
9
1
7
2
6
3
3
7
3
7
5
6
9
5
1
8
6
5
6
2
1
5
2
9
0
0
9
1
9
8
4
5
4
5
9
5
5
2
9
6
2
8
0
6
2
7
4
6
4
1
7
2
0
8
7
4
2
6
2
9
5
1
7
4
7
5
3
5
4
1
7
9
7
1
9
9
0
6
4
2
7
3
9
4
4
1
8
8
5
4
6
8
9
5
5
9
9
2
8
5
6
0
6
5
1
6
4
2
2
6
2
2
6
2
4
6
5
2
8
2
0
8
7
3
8
1
7
3
6
6
8
3
3
7
6
8
0
8
5
6
2
0
7
5
3
7
4
5
5
0
2
0
3
1
3
4
3
2
1
2
5
8
1
8
7
9
7
4
1
9
0
4
0
1
4
2
6
6
6
5
7
6
5
1
5
