22
0
10
12
1
2
24
11
6
21
29
5
28
25
27
14
20
24
4
11
28
9
19
8
16
23
18
7
26
3
21
0
7
24
5
13
19
20
0
16
21
10
6
2
18
22
27
8
17
0
28
16
12
15
26
0
23
0
15
17
20
0
4
3
24
17
10
26
13
14
6
27
12
18
9
15
22
25
21
19
7
11
3
2
5
16
29
8
26
23
12
25
26
2
25
21
11
28
12
11
10
17
8
25
6
16
5
3
14
18
9
23
29
20
29
24
27
1
4
22
3
25
24
2
8
17
1
1
19
11
6
9
28
13
26
0
14
16
4
10
27
19
7
21
20
29
22
20
12
27
19
13
10
13
17
26
5
14
15
4
25
12
15
6
14
8
28
18
11
3
23
9
7
21
10
29
16
22
5
20
1
9
8
21
1
28
10
12
7
17
6
18
13
4
23
3
2
26
25
15
19
29
11
24
14
7
5
6
27
22
7
13
27
19
29
21
6
14
1
18
0
20
9
8
25
16
10
15
5
4
8
28
24
15
23
0
22
15
12
3
22
28
27
13
15
29
3
18
5
20
2
24
17
4
9
8
7
14
4
10
13
23
1
11
2
25
26
23
19
16
4
26
12
18
17
3
21
9
19
7
16
23
22
2
6
5
29
27
17
1
24
9
20
18
1
14
28
2
11
13
