10
10
10
10
10
11
10
10
10
10
11
11
19
11
10
11
10
11
10
11
11
11
11
11
11
11
19
10
10
11
2
6
7
18
18
0
15
16
11
18
12
18
18
18
18
1
3
18
18
18
19
8
5
18
10
18
18
17
18
18
12
17
12
12
19
12
17
12
12
12
12
12
17
17
17
12
12
17
17
17
12
17
17
17
12
12
17
19
17
17
16
19
16
15
15
15
15
15
16
16
15
16
16
15
15
15
15
15
16
16
16
16
15
15
15
16
19
16
16
16
1
1
1
1
1
19
0
1
0
0
0
1
19
0
0
0
1
0
0
1
1
0
0
0
0
1
1
1
1
0
2
2
2
3
3
2
3
2
2
3
2
3
3
19
2
3
2
2
2
2
3
2
3
3
3
3
2
3
19
3
19
6
5
5
19
5
6
5
5
6
6
5
6
6
6
5
5
5
5
6
6
6
6
5
6
6
5
5
5
6
7
8
8
7
7
8
8
8
7
8
8
7
7
7
8
8
8
8
14
8
13
7
7
7
7
8
7
8
7
7
13
19
14
13
13
13
13
14
14
13
13
13
13
14
14
13
13
14
14
13
14
13
13
14
14
19
14
14
14
14
9
9
9
4
4
9
4
4
4
9
9
9
4
4
4
9
4
9
9
9
4
9
4
4
4
9
9
4
9
4
