4
16
0
6
8
4
13
18
5
0
11
2
3
2
0
15
0
10
6
6
5
5
0
5
5
5
5
12
11
3
1
16
1
13
11
14
17
7
16
16
7
4
19
11
13
13
9
13
19
17
7
10
4
4
13
18
2
9
9
17
12
7
5
1
3
17
14
14
15
7
15
7
13
19
13
15
7
4
8
7
18
9
15
3
18
7
1
3
1
10
4
16
7
1
6
2
10
12
13
16
14
18
17
5
11
0
17
1
1
0
7
10
3
17
16
5
17
15
18
2
9
6
19
14
10
18
11
10
13
6
11
18
15
3
0
15
6
5
11
12
15
2
12
3
11
1
6
3
2
19
6
14
2
5
18
18
9
10
10
17
9
12
16
10
1
19
12
17
14
19
17
2
14
19
2
9
8
4
12
4
19
15
4
19
8
10
16
12
18
17
7
10
16
9
17
12
3
19
10
14
9
11
15
13
6
9
8
1
14
10
12
6
0
8
19
11
8
16
2
11
18
5
2
7
17
15
15
13
7
11
8
18
12
10
4
14
1
5
8
19
2
4
1
0
8
18
11
16
11
4
3
0
6
8
8
13
12
13
17
16
0
1
19
16
14
12
15
18
3
3
9
14
7
9
5
3
8
2
3
14
0
15
9
13
6
8
8
2
4
19
4
6
16
14
0
1
0
12
6
9
