18
16
19
4
13
0
4
6
18
10
15
4
3
13
8
16
15
9
14
3
7
2
0
19
19
0
18
11
10
13
19
1
10
9
9
17
4
13
7
4
11
14
17
12
13
19
7
17
8
16
10
11
12
4
1
14
8
2
1
18
3
15
9
19
16
6
0
7
13
3
13
12
2
14
1
10
11
8
4
0
3
5
2
19
19
12
18
19
4
5
2
0
4
11
19
11
1
8
6
14
18
15
8
13
12
0
17
6
13
7
17
19
9
1
9
17
16
10
5
17
3
16
8
9
7
12
15
2
8
15
3
10
18
1
15
7
12
18
11
0
9
9
2
18
10
0
18
15
4
3
1
9
14
4
16
7
12
14
13
16
11
19
12
11
9
1
5
3
14
11
13
17
17
14
12
5
9
4
3
18
6
1
14
19
14
14
14
12
12
18
10
5
12
12
8
7
16
12
1
2
16
16
13
15
8
5
15
17
10
15
1
16
7
18
13
0
5
11
2
15
14
5
5
17
5
11
11
0
8
17
18
13
4
10
10
10
14
3
9
9
4
1
16
7
16
13
6
10
2
4
7
11
11
7
0
2
17
1
5
0
7
10
7
9
5
6
15
17
1
8
16
17
15
19
6
2
0
6
6
5
15
8
6
18
8
3
3
6
6
8
2
3
0
2
2
6
3
19
6
5
