2
1
2
2
2
1
21
2
0
19
2
2
18
0
1
1
1
0
1
2
1
0
2
0
25
1
1
0
0
0
17
8
22
22
22
22
12
24
11
5
22
24
22
9
22
0
22
24
16
1
22
24
24
24
22
15
24
2
13
7
23
8
7
7
9
9
7
8
9
7
8
8
8
9
8
23
26
7
8
7
9
7
9
23
9
7
7
8
8
9
12
13
12
11
13
12
12
6
13
11
11
14
13
13
12
11
11
13
11
13
12
13
11
10
11
12
12
11
13
12
16
16
16
23
15
15
15
16
16
15
17
15
4
15
16
17
15
16
17
17
17
16
17
16
17
23
17
15
17
15
5
5
3
5
3
5
3
5
3
4
5
4
4
3
3
23
5
4
4
4
5
3
4
23
4
23
4
3
3
5
14
14
6
14
10
10
14
6
14
10
10
10
6
14
6
14
6
6
6
23
14
10
9
0
10
6
10
6
14
10
28
26
26
28
28
28
27
26
28
27
28
27
27
28
27
28
26
26
26
26
27
28
26
26
27
27
27
29
27
28
29
25
29
18
20
24
25
18
24
25
25
25
29
18
29
29
29
25
23
18
18
29
25
29
29
18
18
18
25
18
20
20
19
20
19
19
20
19
21
21
24
21
20
21
20
19
21
20
25
3
21
21
19
20
19
19
21
20
21
19
