14
28
5
23
2
13
23
20
9
5
20
8
5
4
3
16
8
21
9
4
13
10
22
7
9
7
3
17
21
10
3
18
26
21
22
25
29
14
27
18
1
12
21
15
21
22
5
22
26
20
13
16
9
7
23
19
14
23
6
23
22
19
7
5
12
23
25
27
20
14
18
7
12
24
11
24
2
9
4
4
29
4
27
12
8
1
0
9
3
29
12
17
0
2
13
7
27
27
9
15
25
22
16
8
17
5
11
2
2
1
13
19
10
21
21
10
19
15
28
8
14
0
25
28
16
9
29
15
22
10
29
4
17
6
5
0
0
2
29
22
27
3
25
26
29
12
6
8
13
8
2
22
8
12
29
25
9
28
19
18
28
20
20
20
2
22
18
21
25
29
26
7
18
17
3
18
10
10
28
23
26
15
13
18
10
16
17
24
26
19
6
19
16
11
20
19
13
20
15
1
14
21
15
24
11
1
5
14
25
26
24
11
6
0
6
21
5
16
1
16
27
8
24
3
17
27
28
24
0
26
2
28
19
16
7
29
0
10
1
3
6
11
6
1
1
24
23
15
28
9
23
14
4
6
14
25
19
15
17
7
5
2
26
17
20
25
15
26
12
12
27
23
27
1
10
3
13
4
12
28
0
16
8
24
14
13
11
3
11
18
11
6
17
18
11
0
4
24
7
4
