14
4
6
4
6
9
15
1
4
0
8
8
12
14
14
7
5
13
9
4
14
11
3
8
12
2
6
9
0
3
16
5
12
18
4
10
11
17
14
16
6
15
7
12
4
9
16
19
5
7
16
1
1
15
14
5
19
18
0
19
8
19
5
3
5
16
17
6
10
19
18
9
8
3
8
17
2
12
18
11
4
3
11
13
14
17
0
13
15
11
5
7
6
4
14
1
7
0
3
10
2
17
12
19
7
3
6
2
2
10
10
10
17
1
1
17
9
2
13
2
9
16
11
13
10
4
13
19
9
8
3
13
17
13
5
12
16
2
6
10
19
16
18
3
6
1
17
7
13
12
16
13
17
12
2
18
0
5
12
4
18
8
3
15
11
3
2
18
16
15
4
12
2
15
15
0
18
19
6
11
3
1
8
7
13
11
1
18
8
5
7
16
14
3
1
7
12
18
10
18
4
0
0
9
0
10
3
19
19
1
18
0
11
6
18
16
15
11
10
2
14
17
19
7
16
7
17
17
6
3
9
1
2
16
19
4
13
12
10
10
5
13
18
15
7
14
11
19
5
14
4
12
16
8
2
17
1
9
6
14
7
8
9
6
11
4
6
1
7
12
0
17
13
0
14
5
14
13
8
5
15
2
10
10
9
15
15
1
8
9
11
0
8
19
0
11
15
9
15
5
