0
1
1
1
0
0
19
0
1
19
0
0
0
1
0
0
1
1
0
1
0
1
0
1
1
0
1
1
0
1
12
8
18
18
18
18
10
6
4
15
18
18
18
11
18
7
18
18
3
2
18
1
18
18
18
17
18
0
9
5
7
7
7
7
2
2
7
2
7
2
7
7
7
2
7
8
19
7
2
7
2
7
2
2
2
2
2
7
2
2
6
5
5
5
6
6
5
19
5
6
6
5
6
6
6
5
5
5
5
6
6
5
5
19
5
6
5
6
6
6
11
11
10
19
11
10
11
11
11
11
10
10
19
10
11
10
10
11
10
11
10
10
10
11
10
11
11
10
11
10
9
8
19
8
8
8
9
8
9
9
8
9
8
9
9
19
8
9
9
9
8
8
9
8
8
19
9
8
9
9
4
3
3
19
3
3
3
3
4
3
4
4
3
3
3
3
3
4
4
19
4
3
3
4
4
4
4
4
4
4
17
17
12
17
17
12
17
12
12
17
17
12
12
19
17
12
17
12
17
12
12
12
17
16
12
12
17
17
12
17
15
16
15
15
13
16
16
15
15
15
15
16
19
15
16
15
16
15
15
15
16
16
15
16
16
15
16
16
16
16
14
13
13
13
13
13
13
13
14
14
13
14
14
14
14
13
14
13
14
19
14
14
13
13
14
14
14
13
14
13
