4
5
14
4
11
14
3
1
14
14
3
0
7
4
10
3
4
11
13
3
0
9
7
9
18
12
12
19
2
8
4
2
18
3
3
4
19
8
1
10
18
4
6
0
7
0
8
19
12
4
9
7
2
6
8
7
16
18
14
19
7
8
13
9
14
6
8
7
6
11
16
9
13
16
10
3
2
11
2
9
18
6
13
2
14
4
9
3
0
16
9
19
10
19
13
6
8
10
13
10
18
19
6
16
10
18
13
0
16
10
5
18
5
3
16
8
0
1
18
12
16
15
12
0
15
11
1
2
15
18
11
9
15
5
19
2
17
1
14
1
12
15
11
3
2
9
13
15
17
6
9
15
15
2
13
0
11
15
1
16
3
7
1
14
17
4
10
9
11
4
10
4
14
0
11
10
12
17
15
17
2
5
15
8
16
18
5
12
13
3
4
12
5
10
1
1
11
17
4
13
11
2
5
8
5
5
13
5
5
14
19
15
10
17
12
7
1
16
19
17
15
1
16
6
7
13
2
3
10
17
7
17
5
7
3
14
6
17
19
0
16
14
1
12
9
19
11
2
2
6
6
18
8
6
18
14
17
17
0
4
6
15
14
11
0
11
7
8
7
10
9
13
12
8
19
12
18
7
0
17
13
0
8
19
17
12
1
18
12
16
5
6
19
9
8
3
16
1
15
5
