9
8
10
19
14
12
9
9
4
16
4
3
11
0
10
6
11
7
16
8
3
19
13
8
16
14
15
3
18
18
6
16
5
17
10
11
6
15
11
0
1
1
10
5
0
15
16
10
6
11
15
5
0
2
1
5
17
5
12
17
4
14
9
8
11
12
3
8
3
18
8
13
2
19
13
6
5
16
0
15
17
0
1
19
4
14
9
12
18
10
16
15
14
19
7
8
1
19
14
11
2
17
4
12
2
6
13
13
18
2
0
3
5
7
17
8
15
10
9
12
3
13
1
11
19
15
16
8
1
0
7
4
11
5
10
9
14
18
8
19
6
3
3
18
12
0
3
17
13
14
13
5
18
4
18
7
8
6
15
4
15
2
13
9
7
9
1
9
5
17
4
7
3
19
13
16
2
9
17
11
15
14
19
13
7
17
6
5
1
8
9
18
7
2
17
11
1
9
3
6
5
10
18
4
12
4
0
2
14
10
12
2
17
18
14
15
8
17
12
2
1
4
6
16
0
12
13
10
11
19
16
1
3
7
14
10
7
6
9
5
18
15
2
16
11
17
12
10
16
7
14
2
7
13
19
1
9
13
5
0
2
0
1
6
14
15
11
4
8
12
0
13
18
19
7
12
4
3
19
4
17
6
15
7
0
11
18
8
16
1
3
6
5
12
2
16
10
10
14
19
