4
0
9
13
19
10
18
2
14
16
14
13
5
19
3
6
5
1
9
15
0
1
5
18
11
15
13
6
6
16
15
19
5
10
1
7
17
16
11
17
13
0
12
4
11
7
15
0
12
15
2
10
7
7
16
0
7
19
3
7
10
6
17
9
11
6
3
13
16
12
4
18
18
2
14
3
12
8
0
14
9
17
9
10
4
0
4
8
12
1
11
19
0
19
4
17
18
14
7
7
5
12
5
8
1
3
15
10
8
3
15
4
14
18
16
0
6
5
11
10
11
14
12
4
2
7
18
1
2
3
17
4
2
16
1
19
19
6
18
11
17
13
9
10
7
15
5
9
6
0
4
14
18
18
14
1
6
9
15
17
3
16
3
18
13
2
19
12
2
8
5
19
6
17
12
5
11
5
3
7
6
5
5
2
1
3
8
4
4
8
1
16
16
12
13
17
10
11
13
13
7
18
0
14
10
4
6
10
19
15
9
13
13
9
19
3
14
11
14
8
1
10
2
0
6
17
11
16
17
12
1
15
7
8
16
0
4
0
2
9
1
17
5
2
15
8
10
14
11
12
6
9
11
7
16
2
19
8
4
8
10
17
13
18
16
7
1
0
15
9
1
18
19
17
9
9
5
10
13
8
6
16
3
11
8
8
15
3
14
14
15
18
3
2
12
19
2
13
12
12
