38
7
17
24
18
32
37
26
33
30
25
14
3
35
39
12
36
9
8
30
10
16
29
34
22
11
23
1
31
31
1
35
35
11
2
11
22
2
16
26
32
21
25
36
17
15
20
25
2
20
31
15
12
29
10
7
20
33
30
15
22
18
8
7
16
0
32
21
0
34
37
23
3
27
37
31
29
12
21
25
15
18
9
12
36
40
35
17
14
1
10
32
1
18
36
13
23
9
40
15
8
5
26
14
4
22
40
16
3
3
15
20
33
38
0
21
35
34
5
30
14
28
23
13
3
24
33
27
40
13
26
39
31
1
30
20
36
22
38
4
8
9
18
17
29
6
13
39
26
2
3
40
0
31
20
8
25
37
37
4
4
35
36
14
19
39
6
36
24
19
0
19
19
11
34
19
6
39
23
10
28
38
23
11
28
37
27
39
34
18
16
5
1
13
29
9
28
5
4
15
14
13
5
24
6
33
7
10
31
2
2
20
39
16
6
28
34
32
13
9
6
17
30
19
4
21
29
0
27
24
25
12
6
18
21
4
37
7
26
4
10
5
6
29
7
30
17
27
16
28
27
38
7
23
8
5
32
22
13
33
15
28
1
40
25
24
0
11
2
12
10
31
38
38
32
28
40
27
24
26
17
22
14
12
2
8
21
21
35
0
11
20
19
34
9
39
27
40
33
3
