7
27
4
5
1
1
8
7
21
21
22
20
3
26
19
8
1
18
22
9
19
19
8
9
18
12
22
11
13
3
17
3
2
4
8
11
0
7
25
5
12
13
15
11
7
7
29
16
23
23
23
23
10
11
16
14
19
28
16
9
18
25
20
24
0
11
8
13
27
14
28
29
16
16
13
10
0
3
7
4
16
28
25
25
6
5
29
3
26
4
17
12
20
23
1
5
13
27
15
28
23
4
6
20
24
25
24
13
4
23
20
2
5
1
20
10
18
22
5
15
1
11
21
5
24
4
14
28
27
3
28
14
22
6
2
26
12
10
2
29
14
12
22
14
15
6
28
28
19
8
9
13
21
15
8
17
28
14
12
5
24
20
18
4
13
12
18
29
1
0
7
21
17
11
9
19
24
16
23
8
26
24
25
6
13
17
7
26
0
18
2
27
29
15
3
0
0
16
6
15
29
3
25
9
2
22
2
21
22
20
29
26
2
6
29
27
11
24
10
6
12
2
14
25
16
7
19
12
21
17
6
26
24
21
25
10
15
8
17
18
19
27
21
27
9
3
5
16
6
7
18
22
4
14
18
0
0
19
24
2
10
27
9
29
0
9
26
15
4
28
1
15
11
20
23
5
1
1
3
23
25
11
26
10
21
22
10
26
27
8
17
9
13
10
17
12
19
14
20
17
