19
7
17
38
33
20
23
2
29
27
39
34
12
34
3
17
18
9
37
4
1
7
13
6
35
32
24
0
5
36
35
23
25
15
1
10
37
6
25
20
27
26
31
3
0
35
25
2
21
36
7
16
35
12
15
16
28
22
5
5
8
22
27
11
0
12
2
39
36
29
8
28
34
19
31
3
23
17
6
14
13
33
20
30
30
8
14
18
37
21
21
31
2
39
9
23
29
33
13
10
18
33
10
12
32
6
15
11
32
22
0
1
14
38
36
16
19
18
11
27
22
27
16
3
3
13
36
1
25
11
11
9
4
20
7
6
23
17
30
37
38
19
15
22
28
5
18
0
4
7
27
16
8
9
34
4
14
19
4
36
30
5
10
24
33
24
10
4
30
4
16
39
0
4
28
13
31
38
0
5
31
19
19
15
7
16
12
3
14
18
25
31
20
8
13
21
32
26
34
0
17
24
2
33
38
9
32
37
31
32
17
39
29
15
23
26
20
27
34
16
10
21
8
26
10
37
14
36
22
26
6
5
11
18
26
7
28
2
1
30
15
20
14
9
21
22
38
29
5
8
30
13
31
19
35
24
15
36
3
24
21
33
37
14
21
12
35
1
25
28
1
25
39
28
11
2
35
22
34
12
17
26
10
11
32
6
8
30
24
29
25
29
6
9
38
39
35
26
23
28
