6
11
11
23
10
3
4
0
0
3
14
13
18
22
28
13
26
23
23
6
22
1
7
10
23
4
12
23
1
2
16
1
26
26
8
22
26
27
22
21
2
20
1
27
8
13
28
23
3
14
21
10
2
17
24
0
26
15
8
29
13
26
13
28
3
19
28
11
18
27
13
29
9
5
10
21
7
22
22
28
7
8
16
9
21
16
0
25
19
19
4
7
9
1
24
18
13
1
13
19
3
18
29
5
12
8
8
5
13
16
23
24
17
2
6
21
6
4
24
1
17
16
29
21
18
8
12
26
15
12
5
22
21
24
6
29
25
11
4
17
25
15
28
9
5
2
20
28
24
20
17
20
19
19
4
26
1
6
19
14
20
7
7
21
25
8
12
25
17
20
11
14
27
15
15
4
22
29
14
18
3
10
7
9
9
16
0
18
23
10
12
17
10
29
14
6
14
20
16
24
9
5
0
3
4
24
23
27
22
0
25
5
18
5
27
29
17
11
28
10
19
16
11
12
29
9
18
20
3
11
12
2
6
19
21
22
25
26
17
19
4
24
27
20
8
14
29
27
10
14
9
25
17
12
9
28
2
10
0
2
13
23
12
0
15
3
6
0
14
11
1
25
27
1
16
3
21
25
7
5
15
6
26
24
2
16
15
2
7
27
18
5
4
20
8
15
15
11
28
7
