1
2
0
2
2
0
0
2
0
1
0
1
0
0
0
1
1
18
7
1
1
2
2
2
2
19
0
1
2
1
17
9
9
8
23
5
8
9
9
8
8
11
8
8
13
22
3
8
8
15
9
0
2
9
24
1
4
8
9
12
3
3
3
3
28
5
16
5
7
3
4
4
3
4
5
4
5
5
5
5
4
5
4
3
4
5
4
4
3
3
12
12
12
13
13
11
11
11
13
11
12
6
12
11
11
13
12
12
12
13
14
11
13
13
10
12
13
11
8
11
22
22
23
22
23
22
23
22
7
24
24
24
23
23
24
22
23
23
22
24
24
24
24
23
23
7
22
7
22
29
17
17
15
16
15
15
17
16
16
17
17
15
16
17
16
7
16
17
16
17
15
15
15
16
7
16
15
7
15
17
6
14
10
6
9
14
10
13
14
10
9
10
10
10
14
10
6
25
14
6
14
14
14
6
6
14
10
10
6
6
26
27
26
26
27
26
26
28
27
27
26
28
26
28
27
28
26
26
27
26
28
28
9
27
7
27
27
27
28
28
19
19
20
20
20
18
18
19
18
21
18
18
18
6
18
20
19
20
19
19
20
19
20
20
19
18
18
20
20
19
25
21
21
29
25
21
21
25
29
29
7
25
25
29
28
25
21
29
29
24
29
21
21
29
25
25
25
21
29
21
