7
1
12
28
29
25
9
9
22
29
21
23
14
22
13
6
11
4
20
18
0
3
8
18
19
17
23
2
0
26
15
22
11
15
0
2
22
27
23
28
15
0
26
9
18
6
21
5
16
20
12
15
4
8
17
1
0
29
10
13
23
4
17
1
17
11
3
25
21
27
14
28
26
9
8
3
29
6
1
25
8
20
16
19
10
5
14
13
24
2
16
25
12
18
11
29
24
27
9
1
5
20
4
13
1
10
28
15
3
6
15
9
24
25
18
2
14
1
19
21
18
19
20
11
13
23
27
3
14
9
7
14
6
26
2
10
22
4
24
28
23
23
4
29
8
17
5
12
0
1
26
9
20
14
21
16
2
10
26
7
5
19
15
25
24
7
3
7
29
24
23
21
17
5
27
6
15
25
8
27
7
11
12
4
3
8
14
13
13
7
2
25
21
19
10
23
18
20
24
11
6
26
5
12
22
9
7
17
16
27
0
24
20
11
28
8
18
26
19
3
2
25
14
4
5
21
27
16
22
29
6
17
10
7
15
9
12
5
1
13
6
19
22
8
16
1
24
27
16
29
2
7
15
12
17
5
18
13
3
10
28
26
23
28
21
11
0
0
20
4
0
27
25
29
3
6
11
20
28
4
12
19
12
16
14
2
17
10
22
22
16
26
13
10
24
28
8
19
21
18
