2
2
2
2
2
2
3
2
2
2
2
2
2
2
2
2
2
2
2
2
2
2
2
2
2
2
2
2
2
2
9
4
4
4
2
4
4
4
4
4
4
4
4
4
4
4
4
4
4
8
4
4
4
4
0
4
4
4
4
4
0
0
0
0
7
0
0
0
0
0
0
0
0
0
0
0
0
0
0
0
0
0
0
0
0
0
0
0
0
0
3
3
3
3
3
3
3
3
3
3
3
3
3
3
3
3
3
3
3
3
3
3
3
3
1
3
3
3
3
3
7
7
7
7
7
7
7
7
7
7
9
7
7
7
7
7
7
7
7
7
7
7
7
7
7
7
4
7
7
7
5
5
5
5
5
5
5
5
5
5
5
5
5
5
5
4
5
5
5
5
5
5
5
5
5
5
5
5
5
5
1
1
1
1
1
1
1
1
1
1
1
1
1
1
1
1
1
6
1
1
1
1
1
1
1
1
1
1
1
1
8
8
8
8
8
8
8
8
8
8
8
8
8
8
8
8
7
8
8
8
8
8
8
8
8
8
8
8
8
8
6
6
6
6
6
6
6
6
6
6
6
6
6
4
6
6
6
6
6
6
6
6
6
6
6
6
6
6
6
6
9
9
9
9
9
9
9
9
9
4
9
9
9
5
9
9
9
9
9
9
9
9
9
9
9
9
9
9
9
9
