1
1
1
0
0
1
1
1
1
0
1
0
1
1
1
1
0
15
1
0
0
0
1
0
0
8
0
0
0
0
19
2
2
6
15
5
2
8
2
8
2
10
2
2
9
11
0
2
2
3
8
2
1
2
16
2
6
2
2
7
5
5
6
5
8
6
5
5
5
6
5
6
5
6
6
7
5
6
5
6
5
6
5
6
5
6
7
6
5
6
8
7
9
7
7
7
9
9
7
9
9
8
9
9
7
9
7
9
7
7
8
9
7
9
8
9
9
7
9
7
10
11
11
11
10
11
10
11
10
10
11
11
11
10
18
11
10
10
11
11
10
10
10
10
10
11
11
10
11
14
15
16
15
16
16
16
15
16
16
15
16
15
16
15
16
19
15
16
16
16
15
15
16
16
15
8
15
8
15
15
3
3
4
4
3
3
3
3
3
4
3
4
3
4
4
3
4
4
4
4
4
4
3
4
4
3
14
4
3
3
14
12
12
14
12
14
14
14
12
12
14
12
14
12
8
14
8
14
14
14
12
12
12
12
17
12
12
12
14
14
18
19
19
19
19
18
19
19
18
12
19
19
18
2
19
19
19
18
18
18
8
18
18
18
18
19
18
19
18
18
13
13
17
13
13
17
17
17
17
13
17
13
13
17
13
17
17
13
13
17
13
17
17
8
13
13
13
13
17
17
