3
14
8
9
5
9
0
1
10
8
16
10
6
18
13
0
0
12
19
1
9
13
0
2
12
2
19
1
13
6
13
6
5
8
0
2
1
0
15
9
8
4
11
7
2
1
17
14
15
19
15
7
4
17
14
16
13
15
11
10
12
16
10
16
5
18
0
4
18
2
15
17
14
2
4
4
5
6
4
8
14
4
16
19
4
9
17
6
18
3
13
2
10
16
0
3
6
14
11
15
19
6
6
10
19
19
16
4
8
15
13
12
9
7
10
9
12
18
9
19
1
8
10
9
16
8
3
15
17
5
15
13
19
8
7
18
4
7
7
17
3
2
19
2
11
6
17
15
13
0
1
3
10
11
17
13
15
2
19
8
18
10
12
5
3
4
12
18
8
5
0
10
12
7
3
13
18
14
15
0
18
16
4
6
0
12
0
18
5
12
7
17
15
10
6
5
5
14
5
11
17
8
16
1
7
19
7
11
3
14
15
17
7
9
18
14
2
4
9
6
19
7
1
16
14
1
10
3
11
11
17
2
16
11
16
9
11
0
12
12
13
12
11
14
3
6
9
10
8
3
12
14
6
1
1
5
18
13
16
7
9
17
1
17
5
1
18
11
8
15
1
11
8
4
19
9
5
2
6
17
16
5
18
11
10
19
7
3
14
0
12
2
3
7
13
3
13
2
4
14
