3
28
29
7
2
12
2
6
5
2
10
3
23
7
3
9
10
8
8
10
22
4
3
4
6
1
4
5
0
14
26
11
16
19
11
26
17
23
9
10
23
14
12
28
23
14
6
9
22
26
11
0
1
29
22
1
27
22
8
0
19
23
13
6
19
0
25
10
18
18
23
27
6
0
24
1
22
22
1
12
4
13
14
27
29
28
19
25
9
5
25
28
24
12
14
26
17
27
18
8
7
22
0
11
16
0
4
13
4
14
16
15
18
8
29
7
1
19
13
17
13
6
23
25
26
20
16
27
17
0
24
16
17
19
27
1
21
4
24
10
6
20
2
29
22
25
15
11
28
28
20
19
3
8
16
12
28
4
29
9
18
9
16
11
5
17
5
6
25
21
3
14
7
3
25
28
1
19
4
22
21
3
19
12
0
18
24
20
20
21
9
5
17
13
24
15
15
24
22
13
2
18
28
21
26
21
26
20
17
17
29
24
12
23
21
17
12
15
20
7
25
5
8
12
21
12
9
27
3
14
15
27
5
27
5
6
24
29
14
25
2
26
10
15
15
29
7
11
9
16
18
5
27
18
15
13
2
20
28
11
20
13
19
21
11
8
4
11
7
10
10
6
3
1
13
26
1
2
24
20
25
23
8
0
18
2
14
7
2
8
10
23
21
9
26
15
16
16
7
29
