9
1
9
9
0
3
15
5
4
16
14
0
11
13
10
6
13
4
9
18
10
3
19
8
11
18
17
8
14
9
15
1
1
12
0
5
10
16
0
15
10
2
6
0
11
16
17
8
11
6
17
11
5
10
10
1
15
6
15
11
17
8
0
9
12
15
8
13
2
4
5
12
3
18
4
16
16
9
3
17
7
6
1
6
0
11
19
4
14
13
8
14
18
0
14
13
2
15
7
5
7
10
3
19
9
11
5
6
7
10
4
12
16
11
14
19
17
1
3
18
0
14
17
1
7
14
3
6
10
13
5
8
16
4
17
1
4
11
3
8
12
15
2
16
19
18
18
13
4
13
11
2
3
4
17
18
7
19
12
8
12
2
9
4
12
9
0
6
7
8
8
2
19
9
14
17
13
19
18
16
5
3
4
16
1
19
7
6
5
10
9
13
7
2
18
5
0
18
19
11
17
15
14
10
2
13
8
1
12
12
15
7
14
12
18
9
0
7
6
13
1
19
2
3
11
10
3
15
1
5
4
17
19
16
13
6
12
16
8
2
10
11
14
7
16
14
7
19
1
16
5
13
15
2
9
2
5
6
6
3
4
17
1
7
0
18
14
19
17
12
5
18
8
19
15
0
11
2
17
3
16
13
12
4
5
2
15
14
15
6
18
3
12
10
1
8
10
0
7
9
