22
11
13
49
45
42
48
0
47
24
35
38
17
44
23
7
17
15
27
21
9
6
20
46
36
33
0
3
4
28
28
47
21
40
12
3
37
39
43
41
45
3
25
19
34
0
31
12
36
25
9
31
1
16
28
7
6
30
10
15
27
1
33
11
34
14
15
46
25
35
21
42
48
17
20
2
22
5
8
38
18
26
29
32
42
3
20
4
24
10
41
30
10
27
35
37
48
39
38
0
17
26
2
13
5
7
28
34
8
12
31
20
38
46
32
9
14
21
40
35
33
29
30
16
17
40
7
15
22
11
44
23
3
43
24
19
39
2
26
24
36
48
1
41
20
40
13
23
43
12
24
8
31
2
29
14
33
41
19
26
18
4
27
38
32
49
10
25
45
34
1
16
36
39
39
5
30
26
44
12
11
47
48
8
4
21
14
19
9
2
5
43
40
41
11
37
45
26
49
28
7
23
24
47
37
22
10
34
30
32
3
49
48
20
47
11
45
25
29
14
6
42
16
46
18
36
32
28
37
44
0
33
9
22
31
5
23
1
8
15
9
43
6
18
40
7
44
49
32
35
6
22
42
16
25
23
45
4
13
19
29
38
27
46
30
1
12
0
31
5
6
35
39
37
18
10
19
33
29
13
4
43
8
41
14
2
36
18
13
15
34
44
21
17
49
47
16
46
27
42
