15
15
15
15
15
16
16
15
16
16
17
16
17
17
10
17
16
17
16
16
17
17
17
15
16
17
18
22
15
15
25
7
8
18
26
24
19
18
15
26
17
18
26
26
26
20
23
18
26
18
2
0
9
18
16
26
18
21
18
18
21
21
20
21
3
20
20
20
20
21
21
19
19
21
19
20
20
19
19
19
22
21
21
20
21
20
19
19
19
11
25
5
25
24
24
24
24
24
25
6
24
25
23
23
24
24
25
24
23
25
23
23
23
23
23
25
1
23
25
25
7
7
9
7
7
27
26
8
8
26
7
8
13
7
7
8
9
7
8
9
9
7
8
8
8
9
9
9
9
8
0
0
0
2
1
2
2
0
0
1
2
1
1
22
2
1
0
0
0
2
1
22
1
1
1
2
0
2
22
2
22
5
3
3
22
3
4
3
3
5
4
4
5
5
4
22
3
5
4
22
4
4
4
4
5
5
3
3
3
5
12
12
11
13
13
13
13
26
12
12
11
12
11
22
11
11
13
11
29
12
12
13
11
12
13
11
11
12
13
12
29
28
28
4
29
29
28
28
28
29
27
29
28
28
28
27
27
27
27
27
28
29
29
29
27
14
29
27
28
27
13
14
6
10
6
6
6
10
6
5
14
14
14
6
6
6
9
14
10
14
10
14
10
10
10
10
14
10
14
6
