4
11
29
23
27
28
6
8
3
27
12
4
16
2
19
7
22
1
16
13
7
25
29
10
17
26
18
9
13
20
0
15
0
28
16
16
0
22
17
8
5
3
23
2
12
19
21
18
14
17
15
0
13
10
6
1
27
0
29
22
3
25
8
12
15
10
11
9
2
23
5
24
11
19
28
23
13
21
1
18
26
2
4
26
14
4
27
22
29
20
19
17
24
27
3
9
2
12
28
15
10
20
8
21
4
1
25
22
29
12
6
11
4
14
26
5
16
23
13
18
3
18
1
26
21
20
16
12
5
2
8
9
27
4
17
14
29
22
28
7
6
11
25
23
24
17
1
20
19
25
14
15
20
10
3
18
13
26
15
9
5
10
6
28
0
7
7
14
24
21
16
9
6
22
26
5
24
22
21
20
20
22
27
24
7
18
23
3
1
11
6
28
12
7
29
23
10
25
4
2
13
21
26
9
7
14
5
8
19
16
18
14
16
29
25
17
11
23
24
3
0
9
1
15
4
20
27
24
21
28
17
11
10
12
8
19
5
6
13
2
25
16
8
26
21
25
19
24
20
6
19
4
14
27
23
5
12
18
11
0
3
1
2
10
29
15
17
9
13
28
0
18
24
26
8
7
12
10
9
11
21
0
15
7
5
15
25
13
27
2
14
1
6
22
3
17
29
28
19
8
