0
15
14
4
18
4
8
1
3
0
3
2
14
1
9
8
4
2
8
8
15
5
2
1
1
1
9
7
0
5
11
4
9
11
8
13
10
14
7
9
16
6
7
12
10
6
0
8
18
17
4
0
5
14
15
6
11
14
8
5
15
14
7
8
5
6
19
6
10
10
3
11
5
6
10
7
3
14
0
19
2
3
9
19
4
9
16
14
1
1
13
10
12
2
9
17
11
17
13
8
19
14
3
9
16
5
6
3
2
6
9
15
13
3
18
18
0
17
3
15
2
0
14
14
10
17
11
14
10
0
13
16
15
12
7
5
9
9
18
2
2
17
0
17
19
1
15
7
10
13
17
10
4
15
16
2
12
2
16
6
11
9
10
4
1
15
7
5
14
19
3
4
12
8
17
16
1
12
18
12
12
0
18
3
5
19
12
11
16
17
13
9
11
4
13
6
17
18
4
5
6
13
14
12
3
10
19
19
16
11
13
13
4
18
19
11
4
16
17
12
10
8
7
2
10
7
3
15
6
8
16
15
4
12
3
6
18
9
9
11
1
19
8
16
16
18
2
5
13
16
14
1
18
13
15
11
1
17
19
18
19
5
12
10
2
7
0
3
6
8
0
15
7
7
7
17
19
5
13
17
18
4
2
5
12
1
7
0
0
8
6
11
16
13
12
11
15
19
1
18
