1
8
26
29
25
12
23
27
21
20
8
4
19
9
22
24
19
17
7
3
16
23
5
6
14
28
10
1
18
2
26
22
13
27
0
0
21
23
19
9
3
0
5
24
20
15
16
15
29
0
11
1
2
12
0
6
16
17
8
15
24
4
7
6
17
12
27
3
19
26
16
24
9
10
11
3
18
22
28
8
5
23
25
29
27
1
14
25
20
2
14
23
13
26
2
25
20
12
11
21
18
0
9
19
18
16
22
6
3
24
15
5
6
7
27
28
25
4
29
10
14
23
26
20
1
8
17
7
21
17
11
10
26
12
19
25
3
18
4
13
28
6
4
22
27
1
29
2
9
0
28
20
7
22
2
13
9
14
10
28
25
16
21
10
6
7
14
8
21
22
18
0
15
15
5
9
11
5
13
11
29
4
7
9
1
19
17
8
10
26
20
27
2
22
3
6
18
21
5
27
28
11
15
14
29
12
15
13
24
23
20
11
10
18
28
6
4
3
7
12
1
12
17
4
2
24
17
16
29
14
16
26
21
8
15
25
22
13
23
5
18
16
27
12
0
25
15
5
19
21
4
23
17
13
14
11
7
24
29
8
7
26
28
9
19
3
1
2
10
2
22
23
25
19
26
24
12
20
4
5
17
6
14
0
13
16
21
1
29
8
3
9
11
28
27
10
24
20
18
13
