7
21
5
3
9
9
6
2
10
14
11
9
9
12
12
28
7
13
13
0
15
23
8
9
25
29
10
17
19
16
15
9
4
18
1
17
2
11
4
27
26
16
28
14
9
24
17
9
22
15
19
20
0
6
15
26
23
5
29
9
9
5
23
9
28
25
27
9
19
9
24
1
29
2
14
18
23
0
9
12
11
2
4
17
25
14
13
8
20
16
18
7
20
4
23
5
25
24
8
16
2
5
9
9
9
27
1
17
28
22
20
3
10
9
21
0
12
28
13
6
3
29
12
4
14
7
8
9
6
9
9
27
14
20
9
26
10
25
24
22
0
9
21
1
23
18
19
28
20
26
19
25
7
27
9
26
28
16
22
6
10
9
8
0
12
3
20
1
13
9
22
8
14
24
26
21
11
15
12
13
4
9
22
27
2
15
3
12
14
6
0
21
12
11
26
14
18
11
8
5
5
4
9
7
10
13
1
20
29
25
21
28
9
9
20
14
12
26
11
13
9
24
25
10
24
3
8
16
27
22
29
18
2
6
15
21
4
19
17
19
29
9
10
9
17
25
0
28
9
5
17
3
20
12
1
4
24
2
27
8
19
22
9
23
26
7
15
16
21
18
16
22
9
26
20
4
10
11
19
17
13
29
10
18
0
6
1
21
3
8
9
24
16
9
18
9
12
23
28
25
