12
40
5
18
14
22
23
9
49
0
11
4
22
23
34
36
20
3
17
20
37
34
19
14
26
43
49
33
29
28
25
22
14
39
34
31
17
36
9
15
7
34
0
2
22
32
40
46
29
37
28
38
6
4
25
22
27
45
15
6
22
11
12
2
49
32
10
31
36
22
18
48
2
47
21
16
5
41
22
30
1
38
26
34
31
3
8
33
9
43
40
29
43
32
23
0
24
12
21
27
36
9
22
22
4
10
48
38
8
47
42
2
48
3
28
39
5
18
36
41
0
36
47
13
16
19
46
22
4
22
27
44
24
42
10
40
23
15
14
30
46
33
7
26
2
22
29
14
43
40
5
11
32
44
31
18
39
25
19
30
8
45
26
15
37
42
17
21
13
31
35
6
3
7
47
16
46
1
23
24
48
25
16
38
33
37
3
46
19
1
6
26
22
35
13
46
29
2
20
21
9
17
11
49
24
18
8
34
44
37
47
20
40
11
24
22
5
12
33
10
14
15
3
21
7
49
2
27
42
40
35
30
6
18
25
45
22
31
39
41
6
22
24
12
30
8
32
48
22
1
39
16
42
14
31
36
45
35
14
47
25
44
4
19
43
41
28
37
28
4
35
13
12
41
7
44
20
30
45
4
17
38
22
1
3
31
27
33
13
24
22
42
23
46
0
45
46
11
10
14
