0
10
13
12
1
3
2
18
7
6
7
3
3
11
9
3
0
4
1
4
11
17
4
1
6
5
7
15
16
19
11
3
3
15
12
15
7
6
4
5
5
3
3
1
4
19
17
4
15
16
18
10
16
7
11
3
11
14
13
3
3
14
13
3
12
18
14
3
17
3
6
18
9
8
4
14
9
5
3
17
10
0
13
5
12
13
15
3
6
16
10
14
5
18
1
16
0
10
1
17
14
7
3
3
3
19
15
15
9
19
4
13
17
3
11
18
3
0
4
12
8
6
0
0
9
2
0
3
9
3
3
13
4
19
19
3
2
3
16
14
3
18
7
5
16
6
14
8
17
12
3
4
2
19
3
0
2
6
2
3
8
17
7
17
17
9
1
4
13
3
1
1
4
6
10
9
11
14
10
4
0
3
7
8
17
7
1
9
2
14
16
10
19
6
1
0
5
5
2
4
13
18
4
0
4
8
12
11
15
9
6
8
3
3
12
4
13
17
8
5
3
17
18
2
19
10
3
12
14
9
11
17
3
0
16
12
9
12
15
5
12
4
2
3
3
19
12
17
3
11
15
8
3
9
16
5
13
6
14
8
10
18
4
0
11
1
10
16
15
18
6
0
3
19
6
8
1
8
13
5
9
19
4
10
16
10
15
17
7
2
3
3
4
14
11
4
12
2
7
18
