8
0
1
4
8
9
6
2
3
7
3
9
8
8
9
8
9
9
4
5
0
7
8
9
9
1
8
8
7
5
5
8
8
7
9
1
2
2
7
2
5
5
8
9
8
7
0
7
0
0
7
5
0
7
5
9
1
3
1
8
8
6
0
5
7
6
2
8
7
8
7
4
3
3
5
8
9
1
8
7
6
2
4
0
8
7
3
8
2
1
1
4
6
3
5
2
8
4
5
7
8
6
7
8
7
4
0
9
8
7
7
3
9
8
1
0
9
8
9
0
4
3
7
8
3
6
9
8
3
8
9
8
5
0
8
9
5
9
8
7
7
7
9
2
6
7
2
7
5
1
2
7
5
4
8
9
5
8
9
6
6
9
5
8
8
8
5
5
4
8
6
1
2
9
3
4
9
4
9
9
8
9
8
9
2
8
3
8
5
4
0
1
7
2
3
9
8
7
5
7
2
4
9
6
9
6
0
1
3
7
0
6
8
8
8
7
4
3
3
7
9
2
4
9
2
2
8
1
4
2
1
0
9
6
1
0
5
2
0
1
1
7
1
9
9
8
0
3
7
3
0
4
7
9
0
4
3
2
6
6
0
6
5
5
2
7
9
1
8
9
0
4
9
3
1
4
6
6
5
2
5
1
1
7
7
8
6
0
5
5
7
6
8
9
4
9
9
6
3
3
