0
20
28
17
23
3
4
32
1
3
8
3
3
1
9
33
2
25
29
12
35
26
2
9
15
11
0
30
38
36
35
18
1
30
38
31
10
12
21
12
6
36
5
8
3
34
33
9
27
36
28
27
25
26
37
3
20
16
22
20
3
0
21
23
39
29
21
35
30
20
15
5
7
7
4
14
24
32
22
9
38
10
33
34
31
28
13
19
27
37
38
12
33
14
8
13
2
5
7
32
1
0
3
9
3
24
37
28
28
19
28
23
2
3
31
26
18
9
39
22
21
22
9
23
23
4
2
3
19
15
25
17
27
10
30
3
8
14
5
33
18
34
13
38
17
39
29
1
20
26
29
11
5
24
22
25
0
35
9
14
0
15
8
9
1
23
15
32
35
20
37
6
4
2
16
34
2
10
19
18
27
3
8
28
22
6
13
18
4
15
25
31
3
38
7
14
33
34
16
4
20
6
10
2
18
1
26
37
23
39
15
7
25
3
24
3
17
6
39
25
33
16
13
11
11
24
23
31
10
27
32
21
3
15
35
22
19
20
36
28
29
3
5
3
25
32
37
6
3
22
35
17
6
18
39
23
16
11
19
14
36
13
3
30
20
12
26
31
30
21
25
14
22
16
36
33
19
17
5
11
21
39
3
39
27
12
34
30
1
9
3
24
25
3
15
3
18
18
29
24
