33
24
17
30
34
36
35
15
8
6
4
36
36
40
36
23
38
28
7
38
10
1
40
28
17
0
14
12
25
0
11
31
28
0
15
12
1
27
4
22
27
11
23
34
36
20
16
36
26
11
7
16
5
6
15
36
2
32
21
32
36
30
3
28
14
32
31
24
1
36
31
23
29
19
37
23
32
17
32
33
29
14
6
16
17
24
27
8
22
5
3
26
24
12
35
21
40
9
18
13
28
9
36
36
28
16
2
15
34
25
14
33
5
36
10
22
40
38
4
0
29
26
31
28
34
39
40
36
38
36
36
19
35
23
22
21
13
7
34
36
6
1
9
19
31
4
26
8
22
13
30
28
35
34
7
0
30
2
39
9
31
32
25
8
20
16
39
37
8
17
11
1
5
26
33
15
20
18
40
37
2
36
28
10
1
35
14
34
39
31
18
21
18
19
32
8
3
4
8
37
24
7
36
33
35
38
25
12
29
6
3
38
2
36
27
8
25
6
29
26
4
18
2
37
20
14
8
0
30
7
5
17
16
33
11
13
40
24
15
22
13
18
35
36
4
16
19
5
36
23
11
27
36
28
12
36
24
3
31
9
26
7
36
39
21
32
2
10
20
6
10
9
36
23
20
30
40
27
29
21
18
17
8
14
13
12
25
5
28
37
36
4
0
31
3
36
34
39
19
4
