24
20
17
15
24
10
7
32
31
6
6
9
27
20
0
21
27
26
7
21
28
4
3
21
16
22
18
18
28
27
20
21
31
31
22
18
31
30
3
17
24
0
19
24
0
19
12
29
1
17
23
34
10
21
32
24
32
22
21
26
26
30
11
9
13
26
20
34
22
13
32
32
31
26
31
2
5
8
15
17
30
29
25
24
26
15
25
23
25
14
18
22
32
27
34
20
21
17
28
27
17
30
33
20
30
28
7
34
24
6
13
10
20
15
26
20
8
23
0
26
8
6
5
20
24
0
28
29
6
28
33
7
31
17
6
31
26
5
29
27
21
8
10
18
22
21
17
31
19
30
11
28
11
28
19
33
28
20
24
8
23
19
20
27
13
10
28
6
0
12
16
21
3
17
6
30
17
22
24
31
2
34
21
19
29
25
14
19
31
22
25
33
13
4
20
3
3
18
34
22
31
8
18
13
16
31
34
0
20
1
33
13
23
16
17
31
25
14
25
31
20
10
15
33
15
2
19
4
28
29
8
24
0
11
18
34
20
1
9
3
1
5
23
28
3
33
4
6
23
26
12
32
8
25
4
11
29
6
22
12
20
8
34
12
34
15
24
19
25
24
15
29
2
25
21
22
21
34
30
1
18
31
19
16
21
8
15
11
13
22
16
32
20
27
1
22
24
34
29
14
28
24
33
19
18
20
6
1
1
23
2
20
17
6
23
2
25
5
9
26
0
9
4
17
21
13
26
19
15
34
23
0
8
2
1
4
31
18
18
8
9
29
8
29
18
22
22
22
14
27
18
6
12
25
27
1
2
18
17
8
23
34
25
1
33
34
12
31
8
16
1
26
25
17
23
8
19
13
20
5
25
27
11
6
25
32
18
30
22
31
9
17
20
9
21
28
28
29
10
12
17
30
27
20
16
8
2
13
23
7
2
23
14
24
33
8
27
13
24
33
2
16
28
34
6
29
4
27
5
16
29
29
10
19
31
20
19
29
21
1
7
12
21
20
30
33
24
34
30
4
17
0
5
21
23
29
26
25
24
29
9
15
13
24
19
1
16
26
23
24
33
3
29
21
12
10
4
15
29
18
14
5
13
9
4
11
31
16
14
15
3
24
22
23
16
11
12
34
13
31
33
9
1
22
8
12
7
16
5
22
34
14
0
18
22
28
28
19
27
26
32
0
4
13
24
15
10
8
11
27
17
19
25
0
5
3
32
18
26
33
1
25
21
27
27
30
13
22
14
9
22
9
30
4
34
5
34
17
1
11
28
22
0
9
23
15
34
19
13
13
23
20
31
19
8
15
22
18
25
22
12
22
23
31
30
23
23
19
23
32
27
18
25
10
31
15
28
29
19
10
3
3
1
18
19
10
24
32
25
23
24
22
31
22
10
26
19
24
25
17
26
30
5
11
7
0
22
7
30
19
31
19
23
27
10
6
13
10
22
23
21
16
27
3
21
9
11
19
25
13
14
28
30
27
21
26
18
5
24
5
18
23
24
24
9
4
20
25
27
15
20
27
0
10
20
1
16
25
3
24
27
0
25
24
25
4
20
19
14
12
31
20
21
6
4
20
9
17
0
29
0
3
23
31
6
21
2
4
22
34
12
14
19
16
32
18
15
17
4
2
24
15
2
25
34
18
28
26
25
2
10
18
7
23
18
3
3
24
18
12
23
22
18
30
19
7
17
33
19
17
5
25
1
19
31
31
6
2
14
15
3
33
33
3
22
23
5
24
6
16
14
19
18
26
24
1
1
22
21
19
3
34
29
33
24
0
13
20
14
33
32
7
25
18
27
12
0
19
30
34
15
17
21
4
11
8
29
29
33
29
21
29
21
14
17
12
29
7
22
24
2
11
8
21
32
25
19
6
22
5
2
27
14
22
0
26
31
5
20
16
9
2
27
34
9
24
27
23
16
20
15
19
24
14
14
33
29
10
12
24
34
30
0
27
25
4
22
15
8
20
33
10
16
24
16
9
21
31
5
20
23
24
33
9
10
13
23
21
22
16
18
21
25
21
34
0
22
29
14
10
10
21
14
2
3
5
29
15
18
28
7
24
7
13
19
30
21
24
13
21
21
32
23
18
30
16
22
9
19
10
33
10
19
1
25
21
17
11
34
23
2
0
2
2
26
28
19
17
33
23
9
4
25
4
21
15
16
20
27
27
15
21
18
23
34
34
11
20
26
17
29
26
22
25
17
33
33
6
4
10
6
31
29
17
24
21
29
10
15
19
22
28
29
9
24
15
24
8
15
16
