2
20
13
8
21
7
5
18
19
9
0
21
2
4
1
21
24
21
9
15
17
8
8
24
6
24
22
21
5
2
24
14
13
0
13
24
16
15
16
18
17
24
18
21
2
18
9
6
0
12
12
8
9
24
10
15
16
20
19
7
14
10
9
11
17
18
14
16
24
18
2
20
1
17
9
0
1
8
0
19
24
18
21
7
10
8
11
13
22
0
21
20
18
15
18
13
24
8
5
1
0
10
9
14
11
1
5
2
24
5
13
8
12
18
14
18
18
19
13
9
7
0
4
13
14
2
15
21
17
5
24
5
0
16
12
7
16
16
9
1
17
24
7
2
21
14
20
20
17
15
6
16
6
10
22
22
12
19
15
12
20
19
16
21
1
8
8
2
20
10
7
21
18
7
12
18
12
22
12
14
2
12
20
12
17
20
0
20
12
22
12
17
13
10
21
18
8
18
8
5
14
8
13
6
8
4
16
14
22
18
16
11
22
8
22
0
17
4
24
0
8
8
6
15
7
18
19
6
12
16
8
19
22
9
9
13
19
2
15
21
7
15
12
24
15
21
18
5
22
12
4
10
5
12
16
6
8
4
24
9
14
8
11
15
18
12
12
20
5
14
6
19
1
21
14
13
16
2
4
2
16
21
13
0
19
8
6
5
18
22
14
1
4
21
2
17
14
20
18
13
8
14
6
13
13
15
0
2
1
21
0
24
18
8
14
2
21
9
18
22
20
7
18
17
16
9
12
15
2
20
13
0
15
10
19
1
22
20
18
24
0
9
18
17
24
20
19
13
15
14
19
9
9
12
15
2
11
8
18
14
17
22
20
2
2
6
10
0
9
11
2
17
19
13
19
8
7
7
15
4
13
18
6
10
20
9
19
19
19
12
15
15
20
7
13
4
0
0
6
10
17
19
0
20
2
20
12
20
19
10
2
6
15
17
13
7
22
24
19
1
12
18
13
0
12
18
6
20
15
6
24
12
15
15
14
21
16
12
21
1
24
18
12
0
10
2
9
17
9
12
20
0
5
19
15
12
7
17
20
15
5
21
10
12
22
12
6
10
12
21
15
0
9
19
9
4
5
1
19
21
17
12
14
17
19
6
20
6
16
10
0
12
19
14
16
11
22
20
21
19
1
21
11
21
7
12
5
24
12
15
11
15
19
18
12
10
6
0
19
14
16
19
10
10
18
13
6
18
9
4
22
20
24
10
12
0
15
18
5
0
0
20
9
18
6
14
11
20
19
7
21
8
15
11
16
16
12
13
0
21
18
16
1
7
20
13
15
16
12
16
21
19
20
8
11
16
18
17
21
22
6
15
15
24
13
21
12
12
15
11
16
17
12
12
15
13
14
14
12
21
4
4
2
17
19
11
17
20
17
13
12
14
20
12
1
5
14
12
13
9
14
13
19
9
12
8
14
18
15
24
15
12
12
17
7
8
11
8
9
17
13
24
24
22
15
17
14
17
20
13
7
10
9
6
19
22
21
1
10
17
2
20
14
22
6
0
14
24
4
12
12
1
2
14
8
11
7
20
4
16
19
2
19
13
24
5
18
16
4
10
22
17
13
6
4
22
4
11
1
24
2
2
19
17
16
12
11
10
6
22
11
1
13
16
2
17
16
2
10
7
5
8
11
21
12
17
0
8
13
11
4
20
5
21
20
0
0
2
14
7
14
24
21
16
13
7
20
6
17
1
12
13
15
17
7
8
6
6
11
10
1
15
6
11
14
16
22
24
15
15
24
18
13
15
22
2
2
2
16
17
0
7
24
7
8
6
21
13
24
1
24
17
16
1
21
2
4
12
6
10
8
12
16
22
9
5
12
12
21
17
16
21
12
4
15
8
14
2
16
21
2
8
8
19
6
21
24
11
20
15
13
1
11
14
1
1
22
9
19
6
22
4
11
0
7
11
9
17
22
20
6
15
19
24
11
14
14
24
11
22
7
21
10
10
22
0
17
11
12
0
0
8
7
14
4
10
24
8
12
20
12
20
2
8
7
11
24
12
13
17
22
13
14
16
10
1
19
22
16
10
6
13
14
5
4
12
17
0
12
1
5
15
5
7
16
18
22
17
12
17
24
10
13
14
11
24
20
9
12
7
18
11
18
10
21
22
14
5
17
12
24
18
4
13
20
16
22
12
6
16
6
11
22
22
19
21
7
20
18
1
6
20
12
14
8
19
9
18
2
12
14
4
7
20
21
8
13
7
1
4
16
22
11
21
21
17
20
8
10
13
22
16
22
8
15
19
12
13
13
14
