44
56
95
34
67
30
4
16
57
7
23
72
37
8
87
79
93
60
29
44
63
38
33
88
56
21
71
72
72
36
39
70
11
2
23
77
23
69
81
22
56
82
95
64
11
64
37
30
1
96
70
2
25
67
75
10
76
18
79
46
59
65
32
25
59
17
66
68
64
24
40
54
6
88
36
27
53
39
14
59
86
81
45
48
31
26
58
66
76
25
81
66
83
96
20
77
71
57
24
17
95
38
90
10
30
25
4
30
66
52
77
40
44
88
63
82
46
73
10
4
17
9
33
92
54
93
78
26
93
29
68
4
21
95
51
46
19
78
79
26
5
57
41
2
19
72
19
82
79
16
32
99
35
31
71
88
60
52
21
82
79
27
70
44
68
34
30
18
79
96
30
65
5
87
84
21
71
60
21
97
18
98
77
61
47
61
10
67
79
21
58
29
28
43
60
56
35
62
30
22
1
42
21
58
39
50
83
81
47
21
91
39
82
21
63
16
78
68
99
27
8
34
45
71
44
19
61
35
49
6
2
80
53
37
29
66
67
93
54
61
14
7
95
69
22
60
24
28
59
99
78
25
21
76
23
33
57
25
79
30
74
22
91
5
14
98
27
76
37
48
44
19
35
79
83
97
35
16
1
11
18
80
76
11
72
38
79
31
66
76
63
53
51
43
1
58
27
8
16
73
39
38
30
43
92
67
86
11
54
13
85
51
82
1
88
42
24
43
63
66
52
59
45
81
16
42
70
14
41
2
95
4
19
5
94
13
97
76
79
93
22
86
97
50
69
8
89
70
8
96
19
47
85
48
55
10
30
92
27
97
19
72
58
5
29
20
38
37
43
25
11
99
95
99
17
26
51
42
58
32
95
49
33
35
52
59
61
14
46
58
60
70
72
29
82
76
13
82
41
47
16
96
26
74
69
20
90
18
68
11
4
19
10
98
77
14
46
91
8
36
81
43
83
8
87
52
24
99
22
36
20
10
41
25
76
70
55
90
64
56
40
20
55
88
47
1
88
61
40
38
97
6
60
48
88
96
49
67
59
14
73
97
40
95
77
17
33
42
79
63
90
85
31
84
15
13
31
69
55
81
75
55
73
50
5
29
57
37
22
91
17
92
93
94
69
28
60
52
77
51
30
17
70
51
46
62
5
75
78
64
2
15
69
80
68
45
26
19
91
63
75
15
44
85
76
86
44
45
84
42
27
20
85
40
56
80
15
89
51
35
47
6
70
88
26
54
15
82
64
76
61
27
10
1
57
89
2
93
22
49
35
24
7
36
87
93
96
64
57
50
86
93
66
47
74
76
4
52
67
68
27
86
20
76
67
70
99
97
61
89
92
92
59
33
67
92
21
6
51
98
15
81
23
45
20
44
10
65
95
7
68
38
1
32
55
73
76
74
91
16
54
76
73
28
84
20
55
85
8
98
10
50
86
88
38
18
37
41
16
82
70
61
65
71
24
73
80
76
52
98
36
31
68
32
58
41
95
75
27
75
49
90
67
86
28
93
67
97
48
66
92
74
6
67
16
39
64
88
43
61
58
38
74
51
52
69
61
10
34
87
58
23
65
6
83
21
18
62
6
98
9
87
77
66
5
74
32
44
57
62
2
50
20
47
6
92
67
11
41
32
34
49
34
58
91
21
44
49
92
29
37
85
31
68
48
86
54
28
86
34
86
61
76
36
95
46
55
23
82
26
17
55
16
67
36
26
7
43
33
46
18
6
30
9
55
47
56
79
53
57
15
2
88
48
8
33
36
86
49
70
90
96
62
85
58
15
54
51
48
46
74
5
95
92
50
77
91
82
29
42
48
72
64
11
48
65
82
18
70
15
80
88
76
94
17
32
48
13
81
54
9
99
77
88
36
94
94
42
82
76
2
76
9
92
83
74
8
7
98
42
60
34
49
90
14
55
49
52
14
51
35
70
7
98
27
83
39
65
71
8
8
63
22
39
99
28
67
69
67
63
27
40
83
5
2
45
99
24
78
64
65
8
35
40
36
13
70
15
88
62
26
76
90
64
49
16
18
34
33
25
45
84
72
4
13
53
14
99
62
33
41
42
1
14
74
6
61
83
52
75
88
89
92
55
32
80
54
39
97
42
8
39
10
45
79
55
90
40
94
92
80
59
9
41
64
75
91
95
44
7
20
38
89
22
61
94
36
94
24
49
39
20
90
42
46
82
25
38
16
57
79
92
26
61
80
24
55
26
43
40
45
9
95
94
4
53
2
28
9
84
59
7
94
17
88
51
79
63
97
65
