6
15
21
5
17
3
9
33
15
15
30
24
13
12
34
30
30
16
5
33
33
6
0
28
24
26
25
26
33
1
10
20
2
11
15
31
12
31
34
31
0
11
7
15
30
26
3
6
29
22
22
11
5
31
6
18
0
22
20
5
20
25
7
8
25
7
5
21
27
11
3
21
12
18
1
7
21
1
12
29
26
21
23
7
6
6
20
31
17
4
16
31
32
12
25
21
17
17
17
14
27
3
13
10
16
6
9
1
23
2
27
4
22
27
27
28
28
22
8
6
17
2
10
31
31
11
10
4
9
33
25
9
32
14
29
24
12
31
26
6
11
25
7
8
25
34
28
33
9
13
7
15
2
6
25
30
17
3
7
14
24
16
31
3
18
4
7
2
12
24
8
22
8
14
23
30
18
22
15
28
27
26
32
17
34
14
9
30
32
32
26
14
29
1
18
14
6
19
4
30
2
10
23
6
4
24
31
21
13
9
30
3
2
10
30
34
15
6
25
5
11
4
3
8
1
12
22
0
23
10
15
33
28
6
33
15
23
9
25
12
11
5
26
26
11
24
2
3
21
24
15
0
29
19
2
5
25
14
22
4
18
33
12
17
19
17
21
21
34
33
0
16
0
22
28
23
19
33
15
33
8
13
29
2
19
2
15
1
22
31
31
25
22
13
22
15
19
10
13
4
6
4
2
28
17
2
10
8
17
23
9
24
11
10
18
9
18
3
24
12
16
14
34
21
23
13
3
12
7
8
21
10
28
4
22
2
24
23
17
21
26
1
16
19
34
31
30
20
3
16
20
5
13
20
22
34
4
18
3
15
15
34
6
27
0
34
7
2
2
0
29
22
9
3
23
2
14
7
20
1
14
20
8
2
33
25
19
21
21
17
10
18
14
7
22
25
33
25
5
6
13
11
7
20
28
31
14
27
32
0
8
29
16
23
11
12
25
24
14
11
24
0
23
10
10
11
8
34
27
4
18
23
4
0
21
22
19
30
34
1
0
8
26
22
9
9
27
10
5
32
18
9
11
33
19
17
5
24
20
12
24
25
1
1
16
9
7
7
18
32
30
30
6
20
30
19
0
4
32
21
21
8
25
15
29
1
28
7
26
33
17
19
12
23
24
5
9
16
4
14
4
14
25
23
0
31
29
23
29
21
5
23
24
27
19
6
7
29
16
1
29
4
0
10
32
3
2
0
13
7
9
28
27
11
28
22
21
18
0
4
1
17
31
29
6
34
1
15
27
14
34
3
13
8
27
18
12
23
16
25
1
15
8
8
34
29
10
21
24
24
32
31
26
32
16
17
23
18
24
32
5
34
23
28
33
16
18
29
25
33
16
33
28
8
27
24
11
23
28
30
11
8
28
8
28
2
19
28
30
33
22
15
26
21
8
34
32
17
15
31
27
31
33
1
9
13
17
28
10
25
26
20
26
22
2
8
1
5
20
11
20
25
29
25
34
32
32
23
15
19
3
8
0
2
33
33
18
10
1
14
10
14
28
26
7
10
25
23
6
19
32
25
8
21
3
4
2
21
11
20
32
0
3
20
13
19
19
13
2
3
20
29
17
32
32
10
12
25
34
15
17
30
33
17
13
19
22
6
5
22
12
24
19
14
10
26
32
9
7
3
0
4
5
34
13
16
7
5
10
7
7
18
33
32
13
31
30
23
18
31
20
31
22
34
11
12
20
24
12
1
33
32
14
13
6
5
3
13
3
3
11
29
5
9
29
29
32
21
28
17
34
13
26
5
9
4
1
19
33
27
30
2
9
24
28
1
30
20
16
10
25
11
29
18
20
12
9
19
9
6
0
32
26
10
6
31
13
11
18
12
17
28
23
16
13
24
20
29
18
19
13
15
30
27
3
13
17
5
9
14
16
10
27
22
20
24
12
18
34
0
26
11
12
32
12
33
0
17
14
26
4
16
21
19
5
33
20
24
11
20
12
30
13
6
27
4
15
5
23
31
1
2
5
9
4
0
18
13
10
16
23
12
2
34
4
8
7
14
25
2
19
30
34
31
5
10
16
11
3
2
6
15
24
11
11
32
27
6
27
0
29
12
27
12
29
27
18
28
28
30
13
24
22
23
3
16
21
0
28
6
29
7
26
3
21
30
26
26
14
18
20
14
8
34
8
28
19
15
7
27
34
1
30
29
15
32
7
30
17
0
7
26
30
16
4
32
5
5
29
19
31
1
14
26
21
4
8
3
4
1
1
16
27
29
28
27
8
0
9
19
16
15
34
13
14
16
19
14
16
1
