13
14
14
8
21
2
1
1
12
1
6
10
10
10
3
5
12
16
10
4
0
21
12
2
4
24
1
3
16
8
12
6
1
2
18
5
23
13
12
6
5
17
21
10
3
17
19
23
3
19
2
12
17
1
1
1
24
5
13
20
9
22
15
8
10
19
1
18
19
5
7
6
20
12
8
23
6
17
21
23
18
19
12
6
8
0
1
23
9
21
18
17
12
10
21
21
1
21
10
24
13
3
5
12
4
3
6
9
7
0
9
0
22
18
8
12
21
21
18
21
3
11
24
4
15
13
3
11
21
8
24
2
0
21
1
19
5
0
22
9
23
19
21
0
14
13
15
3
16
22
8
5
6
6
20
19
4
16
4
2
15
6
4
0
19
9
0
19
3
23
7
22
0
15
14
15
16
7
6
17
13
23
15
4
9
24
2
20
19
4
10
5
15
8
16
17
0
19
0
21
5
17
15
12
21
23
19
1
21
9
16
2
2
11
14
8
23
5
2
6
20
21
11
22
20
8
5
16
18
3
15
14
3
7
19
4
8
20
20
15
22
12
22
16
17
13
15
8
20
14
17
17
2
23
0
7
16
0
12
5
20
5
20
8
12
4
22
12
15
12
4
24
3
6
14
14
13
6
1
12
4
2
22
11
18
4
24
8
7
8
5
24
17
11
2
2
2
19
13
18
0
7
11
20
9
14
9
1
17
9
5
17
21
16
6
17
24
3
3
9
15
4
14
9
18
8
21
5
12
20
16
1
16
0
8
0
15
13
2
21
1
3
1
13
21
7
13
3
1
16
9
10
4
21
17
2
2
13
15
16
12
24
16
3
5
2
8
7
9
24
1
21
1
18
18
10
14
8
20
5
22
16
11
0
11
24
21
16
13
10
16
22
7
17
11
6
4
12
9
6
1
16
11
17
17
0
12
2
23
2
1
3
5
3
20
5
16
23
13
22
12
10
11
1
16
16
15
15
20
18
12
12
24
8
12
22
0
0
0
3
19
4
13
3
2
2
9
5
7
0
14
19
0
6
12
6
15
2
0
24
22
13
20
16
11
17
8
8
7
24
4
11
5
8
18
7
4
14
18
15
4
11
18
20
8
8
22
21
24
20
9
7
13
22
11
23
8
1
18
24
23
7
17
18
8
18
10
14
13
14
2
3
13
24
7
9
10
14
18
12
24
11
10
23
1
14
11
22
19
5
21
19
22
11
13
4
14
16
11
0
24
16
9
12
14
22
10
17
14
15
4
0
24
7
12
18
19
23
2
9
18
11
7
17
15
4
23
4
2
7
3
24
17
14
14
22
11
16
3
17
6
0
3
19
9
16
5
5
3
13
9
21
22
12
18
1
4
14
17
22
15
13
6
18
20
9
13
18
14
20
22
22
19
15
10
23
17
22
16
2
20
20
3
24
15
4
13
0
7
23
1
5
11
15
17
15
4
20
12
24
9
11
24
10
19
9
4
19
0
20
24
4
16
7
4
23
15
14
24
16
16
5
6
23
10
19
14
10
17
21
4
19
19
4
22
10
15
13
15
23
17
0
22
22
23
6
13
21
11
22
5
8
13
18
9
1
10
23
1
11
11
23
15
2
13
14
21
20
10
13
7
24
6
12
6
19
11
11
20
16
8
7
8
23
14
3
5
7
4
21
5
13
17
23
24
19
3
5
24
23
1
18
8
11
15
15
5
4
24
14
18
17
9
23
17
2
24
23
14
7
16
18
7
5
10
14
3
19
2
11
9
18
20
6
7
16
3
0
14
18
4
24
22
17
6
18
5
22
14
10
19
1
19
17
16
7
9
9
16
7
20
23
24
2
18
20
11
13
10
2
11
6
19
14
9
24
9
3
12
22
20
23
18
4
8
16
13
19
23
14
1
3
21
6
12
22
2
13
22
11
24
6
8
9
0
20
7
15
2
1
7
6
19
6
20
16
21
20
4
7
17
18
11
20
22
10
20
24
4
17
7
8
13
19
2
8
1
10
4
23
19
8
15
11
6
9
10
23
6
6
23
21
15
8
18
3
18
14
15
21
5
15
4
0
3
7
10
10
23
5
1
15
12
2
14
0
10
12
24
19
11
17
13
9
18
12
17
10
1
13
10
10
1
13
22
24
21
0
19
22
9
22
9
5
11
0
6
14
17
2
15
5
20
20
2
13
10
12
7
7
0
12
21
1
0
17
3
2
6
5
24
22
0
16
16
2
23
14
6
14
3
22
23
12
15
5
7
20
18
18
23
20
19
10
19
13
18
1
20
0
