0,0.4655398878594838
1,0.38891216707978654
2,0.2869117079412924
3,0.550543850734463
4,0.5080444651932983
5,0.2941053200512551
6,0.3583194155333262
7,0.4196510946954154
8,0.4237661485308643
9,0.3414053390300694
10,0.18485592967050032
11,0.19498558488711643
12,0.30329815242112457
13,0.22376784815762965
14,0.27856897678936954
15,0.3383456179852021
16,0.3555696719607934
17,0.3431050710888199
18,0.30619540261843514
19,0.40779287778627077
20,0.2736834611854581
21,0.30456240909766313
22,0.30296032584575017
23,0.23820281199960827
24,0.5140454875732932
25,0.47067941866218527
26,0.2537952564593401
27,0.20899434805984435
28,0.33058914598245615
29,0.27364308206246657
30,0.24338446185814586
31,0.4660248257530092
32,0.2688271398496724
33,0.3301681203470282
34,0.5617453341794995
35,0.8086935050815911
36,0.5444938961098946
37,0.2814747729843106
38,0.37874269508345826
39,0.41021815378064536
40,0.42981326142868537
41,0.23245591122424644
42,0.24382738112401114
43,0.11589852919079814
44,0.17017928788245867
45,0.9813067708460205
46,0.5918832215371074
47,0.8624560521040991
48,0.4496381584143455
49,0.7265272457318995
50,0.8607466097549943
51,0.4785591080586982
52,0.8444181482358035
53,0.27443540760350926
54,0.5094930280696723
55,0.2946222958400278
56,0.5361027304587319
57,0.4105854479599508
58,0.5757200234148858
59,0.12476835113454399
60,0.2763061458394028
61,0.44472409903932697
62,0.13401160944457063
63,0.11148175193835416
64,0.6186328569811868
65,0.6550385579787646
66,0.20522425162125132
67,0.17615652005227359
68,0.41022852924031805
69,0.41814226437837004
70,0.2552013753585986
71,0.185396328007004
72,0.8642918927171052
73,0.31530162677145135
74,0.2889038400703676
75,0.10277830779105225
76,0.28527450188045794
77,0.5887081561772008
78,0.02355447655567855
79,0.29166281833279917
80,0.2492693800101798
81,0.40571745429064265
82,0.7247051391129437
83,0.19287637507119
84,0.2140210308645789
85,0.5736960636294608
86,0.22710666419133732
87,0.6299329738111564
88,0.6555901777914456
89,0.24083909835001932
90,0.4102760752257401
91,0.3504820321695385
92,0.36708485772412935
93,0.3075243196215312
94,0.47244225851020344
95,0.24236259693566561
96,0.09324694560847784
97,0.12464479595360137
98,0.15008031165149166
99,0.2942840009265415
100,0.5344944862702914
101,0.44583990059808354
102,0.4541497174739648
103,0.47397588870523555
104,0.29657609833513077
105,0.36207996206351
106,0.172271601242875
107,0.2054371419627331
108,0.17109380701532406
109,0.20258941615314272
110,0.39086626622940357
111,0.47154147287212106
112,0.8836004192459327
113,0.4848313676760439
114,0.25744356865964907
115,0.41533907499148776
116,0.3923115967456609
117,0.38077635094202555
118,0.4406742954612369
119,0.3250703552979137
120,0.31890947561695326
121,0.2449031274187102
122,0.7858254073486695
123,0.22581635648630202
124,0.09978857550248395
125,0.5123319406355558
126,0.40843635295271313
127,0.23644217735319395
128,0.09210669827498867
129,0.24979421594062304
130,0.7256194016438816
131,0.268088306098095
132,0.18142312834085136
133,0.1160220484633195
134,0.44024705426869565
135,0.7637386242386274
136,0.31339994641586455
137,0.12026782186354788
138,0.2970735128831022
139,0.27546537325231923
140,0.8585438087571076
141,0.5078416820497137
142,0.26411183859780185
143,0.34920425753714385
144,0.3884959806864487
145,0.34317628967194286
146,0.4142065866729185
147,0.36376163382158766
148,0.44500063799787154
149,0.6424630632087796
150,0.28156173103090937
151,0.552542554175162
152,0.3181493130174994
153,0.31352500669523253
154,0.9253103718751419
155,0.9028460186291527
156,0.18654219471448405
157,0.4712083120388082
158,0.42198989876801435
159,0.09777751512210084
160,0.31075930592364215
161,0.4120218714890945
162,0.2150133131446533
163,0.364735674709422
164,0.5549355160607973
165,0.21298955773949452
166,0.474522727305648
167,0.775035474170581
168,0.4463249028512137
169,0.6172515660147945
170,0.23890617447946552
171,0.5792523881912085
172,0.2662500702387328
173,0.5594173169572788
174,0.5239628592972634
175,0.38338339817883377
176,0.10573482329692456
177,0.39603264072814787
178,0.17586490122875217
179,0.3860189034069294
180,0.787349948467596
181,0.3413198418416804
182,0.40727298155451847
183,0.11360589666852008
184,0.1500046529504496
185,0.32058865184273805
186,0.5207558435885056
187,0.6136604815110224
188,0.38369900525406114
189,0.32954276860400095
190,0.3566326145810462
191,0.421333345325874
192,0.23756742558069457
193,0.32370437973527805
194,0.3875756510350321
195,0.4426836257241695
196,0.5507816605708805
197,0.45172678732538857
198,0.4931904793635311
199,0.4173071248385144
200,0.1639637787222887
201,0.32222801679096674
202,0.34168155231457037
203,0.5248458717225841
204,0.36221727474467214
205,0.6863597535209613
206,0.2992144284520191
207,0.25573040188388535
208,0.5406007784469449
209,0.15546885868556154
210,0.441431098320273
211,0.31973760994006367
212,0.3597075719250155
213,0.40488112771529167
214,0.43347588704835804
215,0.16664197241158338
216,0.622530749373103
217,0.3195141204675381
218,0.5665533570429375
219,0.4347844788230699
220,0.44407448805212835
221,0.36316468866018525
222,0.39148496892302187
223,0.9448131861163487
224,0.6598922287457796
225,0.21892681451589563
226,0.7332742849125662
227,0.5969385060324515
228,0.6446646904637274
229,0.2516821398546011
230,0.34199418417987926
231,0.34995128384192875
232,0.2975427474108671
233,0.3683387975516919
234,0.708461242119114
235,0.34117197925971243
236,0.42758376034859497
237,0.7105214727659414
238,0.22081620477459193
239,0.3764322482419325
240,0.2319680204447135
241,0.4591062652566373
242,0.4577284092635141
243,0.466973913803668
244,0.4964517276482051
245,0.2117857773719638
246,0.36058303495504856
247,0.10232601683227747
248,0.27582256936992355
249,0.3846807203276751
250,0.332586204558091
251,0.5722285968176651
252,0.3279966812038281
253,0.18132109405264668
254,0.35470131906488134
255,0.25513446209649115
256,0.3341848128365403
257,0.3268612674004292
258,0.3113358831454326
259,0.3513552818203165
260,0.5876012501540354
261,0.3993803564055853
262,0.4009746136482502
263,0.3110316770736612
264,0.40169792931764997
265,0.14975955784005268
266,0.7121817498345487
267,0.2705008295382228
268,0.2887335309662032
269,0.29712444040376995
270,0.3298490924106339
271,0.5982361150350883
272,0.3652007893899846
273,0.40450724184833603
274,0.4440673832119907
275,0.25074935779633056
276,0.9411409971990863
277,0.226964215610719
278,0.26433161490198537
279,0.4218025612141771
280,0.7262322210463085
281,0.4697107685883557
282,0.1721906454951679
283,0.4033784552070241
284,0.23346446275039218
285,0.4736617795374042
286,0.9487898474143539
287,0.32828249260987874
288,0.3087117062744687
289,0.28290686687442856
290,0.3286432543200696
291,0.526992176453093
292,0.5938417762503787
293,0.2881521416653384
294,0.5413460776829846
295,0.265763014243624
296,0.2804505598105496
297,0.9427620694432204
298,0.35215115127772295
299,0.43277813842806534
300,0.23984943289067537
301,0.10647129088714208
302,0.3305083817746037
303,0.607706321202339
304,0.13841184198198841
305,0.36137003375974674
306,0.368310303728691
307,0.32956126894528304
308,0.86081663374296
309,0.08583656335420804
310,0.3430328543943439
311,0.5063031006397399
312,0.22225818963199018
313,0.6840821277879678
314,0.31874492133384014
315,0.7211401706007277
316,0.3068257773030269
317,0.2750293030034509
318,0.17537665180442774
319,0.1847075971233239
320,0.3050133147174871
321,0.40516257444451803
322,0.3563803158727519
323,0.1231646266808627
324,0.3443476528389381
325,0.2833042662147414
326,0.3285005329315705
327,0.422807816852695
328,0.5747410218536827
329,0.39861894288987465
330,0.7924450159103205
331,0.5863072890884719
332,0.5425778747043362
333,0.8242427993342325
334,0.3682570977256757
335,0.34376170614983587
336,0.317389756260256
337,0.2328819992164452
338,0.6912833996412984
339,0.4047320350966397
340,0.3563860520714609
341,0.3010995679889256
342,0.2956686554445669
343,0.3712031325075818
344,0.24326737570598983
345,0.3930158756033825
346,0.2666584501258818
347,0.3412374939390596
348,0.3320679533056855
349,0.5733163175371221
350,0.08911386581829091
351,0.5529895273681881
352,0.3634942263326084
353,0.2539896383456815
354,0.3302762326405505
355,0.21496631854692957
356,0.4516446794846362
357,0.5945436105409638
358,0.2190335230601239
359,0.2835845441798606
360,0.2700732808013516
361,0.5918090868102237
362,0.34088328401075246
363,0.3564267659742773
364,0.5172537251192445
365,0.22099853190316265
366,0.5136655562549808
367,0.22239352631432507
368,0.2690676004230175
369,0.19985706885922846
370,0.3351211732831995
371,0.25548615242334205
372,0.3838509657280082
373,0.5269609269445852
374,0.2946115844102115
375,0.29907736230436754
376,0.4518483593462731
377,0.3156566709040013
378,0.3805076189508156
379,0.38615729204888155
380,0.7048730930870437
381,0.7014762449651264
382,0.36215593950825625
383,0.39711714407840376
384,0.2845888000918696
385,0.46815941778757797
386,0.4580227405983436
387,0.4918082910988662
388,0.3175466368247993
389,0.17036999544824885
390,0.43218289031965185
391,0.5830203200096035
392,0.1474904679295124
393,0.2291304722881791
394,0.3871950129443636
395,0.14610806375345056
396,0.3313170288454396
397,0.3374978849085828
398,0.2051767176556428
399,0.447679900060952
400,0.5208106665230265
401,0.3850951140528704
402,0.5255682298706678
403,0.16495124078829151
404,0.43977825401237225
405,0.18129707507761456
406,0.3771077370010816
407,0.2400069989035162
408,0.49465867355054677
409,0.4078970103091987
410,0.5297380622495365
411,0.25126281988068205
412,0.3389630756513682
413,0.37060666047505153
414,0.222318512776176
415,0.5109458732941294
416,0.44795394435679164
417,0.5636926345003962
418,0.4009012211142693
419,0.23235615987543962
420,0.4164991528812673
421,0.2891351924600593
422,0.27949120025369195
423,0.4213769339267075
424,0.15438408724672817
425,0.3208587436472075
426,0.4624990211292089
427,0.6609787180939471
428,0.7203323216379656
429,0.4591924202108922
430,0.37966081242647315
431,0.5655219371745609
432,0.9479728040503449
433,0.12508147048623364
434,0.15871189154107418
435,0.4273755948835057
436,0.2528798783628725
437,0.19025901261734426
438,0.2396693510455731
439,0.25285125214645066
440,0.4753540601647628
441,0.32355907181471927
442,0.21807205218292552
443,0.30115444363205646
444,0.4210211880176702
445,0.6121535589182485
446,0.4632481242007369
447,0.21193966760200025
448,0.3138814031134486
449,0.42880583879520756
450,0.14582544293889926
451,0.35476616733607014
452,0.29048307261760986
453,0.7254538919308896
454,0.31935294843112044
455,0.25585454850212114
456,0.6177029851445687
457,0.18785710686550092
458,0.26023733102161384
459,0.7245377822766765
460,0.5121879297832916
461,0.3163638272269294
462,0.7195639388938921
463,0.520822483376377
464,0.5216377792367825
465,0.8337744566762988
466,0.32290515896432254
467,0.4419534419744741
468,0.5244644372311745
469,0.3751949703755635
470,0.23508397174960413
471,0.2279691355994913
472,0.6701656952008045
473,0.20236880138871918
474,0.4578517961276078
475,0.41542380909385446
476,0.16823437393275176
477,0.6124918371271938
478,0.4321137456843357
479,0.2968361460905721
480,0.36489000072485156
481,0.17580158045085115
482,0.5924752819717238
483,0.5669288417746046
484,0.23152619755705495
485,0.2619385015073565
486,0.786201085386683
487,0.34549756713431373
488,0.8965973767296308
489,0.4190883998999876
490,0.34791636598007425
491,0.2860385624517515
492,0.49161919918958197
493,0.4902323281655147
494,0.21427571490895442
495,0.8110955903807521
496,0.13187659562983883
497,0.2557624125550006
498,0.7539290737455837
499,0.7468973586209989
500,0.7048658217007866
501,0.12663419052272187
502,0.4569401333449207
503,0.33427976067131204
504,0.4120495314547247
505,0.7733861422712157
506,0.5464135194777875
507,0.3312545653255629
508,0.5450570155911699
509,0.4601094059507749
510,0.4566358541415975
511,0.2508055634949259
512,0.43274117030205733
513,0.37764645086632087
514,0.5385178075739839
515,0.12333405057385427
516,0.2869177545382991
517,0.6136194757755444
518,0.5237190533082391
519,0.48862608445636124
520,0.34271743770280416
521,0.26244791325184474
522,0.30722959341650585
523,0.4681999853908665
524,0.251097292193534
525,0.3715903122487068
526,0.43451387056078883
527,0.4602460864443433
528,0.36388268489086
529,0.38084957480157183
530,0.15282073421400763
531,0.38279007429200546
532,0.9455053975625828
533,0.15181346719697447
534,0.4315107338065247
535,0.41177116152705384
536,0.6958740976193045
537,0.436410719394849
538,0.3186292265679094
539,0.42749573730720275
540,0.3313348664206131
541,0.44784627078628175
542,0.0848845017141431
543,0.5208491630636833
544,0.4373159380292418
545,0.4967760834706632
546,0.3114885402002877
547,0.45484272020467875
548,0.29431268300660585
549,0.5899116296372123
550,0.39121651591319007
551,0.397712515725735
552,0.9651674396781628
553,0.23393758509014032
554,0.5495586186107089
555,0.5001419689129173
556,0.6923321965626192
557,0.29457070610662545
558,0.6129735958324073
559,0.09236949906659019
560,0.5159963473647089
561,0.22249009375327186
562,0.1983233929284785
563,0.632966967166385
564,0.4695741108544411
565,0.5482859306679939
566,0.8096364437110765
567,0.40980429540544794
568,0.1806979384238383
569,0.40447499643588164
570,0.27762185393318134
571,0.11580195799503644
572,0.12582728646839
573,0.3986547135069654
574,0.2670311160556985
575,0.6053248573773476
576,0.11427487118938054
577,0.3448784631238206
578,0.20775427573745675
579,0.10543701363350895
580,0.2541459239539597
581,0.7616542971118393
582,0.28991159107027453
583,0.3307872556276816
584,0.13968040996455194
585,0.34928421726916503
586,0.15531171667005841
587,0.26572073030578724
588,0.25697514162999
589,0.34368472570244585
590,0.3216236268059874
591,0.2612239456072841
592,0.8548761189290734
593,0.5144154764640677
594,0.402025781756289
595,0.2243823568122237
596,0.3153995389941793
597,0.47716560045602946
598,0.3880208892797447
599,0.4635150885908873
600,0.546954055607095
601,0.5943534375161866
602,0.2190079906726169
603,0.47637944409077415
604,0.8539651363708142
605,0.2524298172540326
606,0.36316433689651556
607,0.5406984705138191
608,0.254872591269752
609,0.8891837473159876
610,0.4594831561065769
611,0.3681632903852707
612,0.5910562960231547
613,0.2901905642655064
614,0.12136095497165066
615,0.6914209032101287
616,0.3433035538763613
617,0.7585778035135248
618,0.5467999280898315
619,0.5194744305010647
620,0.6513568868561513
621,0.1884773312050535
622,0.3450575257837819
623,0.2759794624256676
624,0.45492616814402465
625,0.4831164271321896
626,0.33547869175429296
627,0.2857156599578907
628,0.2824465006653312
629,0.46423505746073923
630,0.44054198601580324
631,0.1910666293399597
632,0.5514578240887597
633,0.3439124237977882
634,0.3944542139357048
635,0.4277029106357657
636,0.6233701757994735
637,0.3728633391910099
638,0.3189625740133667
639,0.4519187973634464
640,0.5578027211533964
641,0.2560959579563208
642,0.23909835400339435
643,0.1784041354875824
644,0.45916101219703137
645,0.16687984274876272
646,0.5307028441322106
647,0.4756890157029419
648,0.6489650358772449
649,0.43716920673051096
650,0.8036145425026023
651,0.46984468188884215
652,0.7271061796956588
653,0.30455275375572105
654,0.46082116682180413
655,0.9982016323170682
656,0.39019933689435754
657,0.3813117574888508
658,0.8283792540397928
659,0.19549501765220686
660,0.3569298203868799
661,0.24687252929245757
662,0.2833436451253226
663,0.3763537723867387
664,0.35473454485696193
665,0.8029913605423666
666,0.4345551223331717
667,0.22641078061446704
668,0.5615147694965058
669,0.3083143250444637
670,0.21870735333437338
671,0.4142943021424464
672,0.7845413495401607
673,0.2798361353760144
674,0.47862594772423445
675,0.2872985886428776
676,0.7323550863403627
677,0.8249971720195484
678,0.5683701254665547
679,0.6810370703138527
680,0.6058220498721981
681,0.366274143563006
682,0.3591907974072436
683,0.8369080607585628
684,0.3292232035872474
685,0.1712536452743874
686,0.5582529130942994
687,0.4894213828267959
688,0.29815864953588334
689,0.6506297576049251
690,0.19656613704827133
691,0.22671683946915946
692,0.32236324295492214
693,0.6068525044188239
694,0.46704157722759504
695,0.31136000139538644
696,0.24467742173567233
697,0.5071675813321646
698,0.19957349313463738
699,0.31302408062834186
700,0.481049076702204
701,0.47958737297283294
702,0.20003575780631785
703,0.3669286459210183
704,0.8809576820440073
705,0.3487056090356018
706,0.41120073401044366
707,0.22540648752637793
708,0.2573971505988428
709,0.37468901333872856
710,0.1852331383370092
711,0.599039074312619
712,0.49781410407863463
713,0.2935279814713511
714,0.42650986143612235
715,0.5770704074422509
716,0.3403645540535573
717,0.42579553543423715
718,0.24587041846341198
719,0.5965562599514443
720,0.2170282162241945
721,0.28919127144126927
722,0.24726715152537615
723,0.53338747967038
724,0.47438647720882005
725,0.28353994167915253
726,0.6961982690004335
727,0.280685206544612
728,0.2913590145919464
729,0.1813902535149614
730,0.6112280759726383
731,0.29080657588944275
732,0.5008054433807203
733,0.1909196287143674
734,0.3373279480930732
735,0.6512622404670443
736,0.2832479894922413
737,0.40436877653296416
738,0.5130327693930256
739,0.7069894434107661
740,0.5986285106294204
741,0.26124919217302817
742,0.36264522663569554
743,0.26318892754629836
744,0.24784706552666116
745,0.3720096175132094
746,0.2163568753142853
747,0.258288977572562
748,0.6980933948344541
749,0.38909663223623453
750,0.6435646523656021
751,0.22396722144500567
752,0.20805453779552702
753,0.740671427683074
754,0.8888470916916291
755,0.5452909258228762
756,0.1969021354667591
757,0.18704594251818243
758,0.2295301014207827
759,0.31706486334641676
760,0.5606414477807745
761,0.5823981530335459
762,0.3492268589092304
763,0.45443632081918706
764,0.5638855482030356
765,0.8357664291013576
766,0.2593410592776271
767,0.5893837891852958
768,0.22007453345829878
769,0.22744377381868786
770,0.26381164828584625
771,0.34100618969460117
772,0.1274190320601099
773,0.18845376415988824
774,0.15385713823465283
775,0.5449058791404728
776,0.37853313109968134
777,0.31523652625137016
778,0.6070565163958097
779,0.35147986652090507
780,0.30927715667671535
781,0.5071742309374719
782,0.670204677049658
783,0.380804244997272
784,0.4687945967346596
785,0.2228962667060731
786,0.26055427033881223
787,0.8341446580498868
788,0.4351884255245115
789,0.2951204053026845
790,0.3686173654663825
791,0.24804112750886484
792,0.5858830289119268
793,0.2983647388904598
794,0.17836899785388585
795,0.1880612356010444
796,0.13914887729861924
797,0.31841698778410893
798,0.843766248935831
799,0.2916949639063077
800,0.2740546527796895
801,0.3589482026092949
802,0.3419418938017375
803,0.20073836871169914
804,0.7444368969277378
805,0.6295110677364375
806,0.16867022419222982
807,0.6370370201310132
808,0.6354348157514913
809,0.36332528273564857
810,0.1869670004124767
811,0.5336068554484003
812,0.36161346639124725
813,0.39370851014469405
814,0.27618587034116954
815,0.5554151143890457
816,0.4431492158836257
817,0.2586865423378272
818,0.3656320730710138
819,0.833363788496028
820,0.6443653536933163
821,0.6503040817120862
822,0.8522890818947924
823,0.3239054912347444
824,0.30195774225085686
825,0.27487589330280804
826,0.25518768990816687
827,0.4624669522295968
828,0.47888893222976064
829,0.36084911095891903
830,0.35367014037963423
831,0.31360547089897295
832,0.1785068726237866
833,0.21594513458375272
834,0.4607512644412905
835,0.4281340705738248
836,0.29504622023817345
837,0.43504979767634827
838,0.46079273688704653
839,0.4739468976953397
840,0.7773861617765273
841,0.22423378838233488
842,0.28308452637655374
843,0.16718510588630775
844,0.34325143569577327
845,0.8498595456035408
846,0.3300485642223692
847,0.24423567159150436
848,0.19193240514741594
849,0.3552119400022617
850,0.2078375279367057
851,0.14294886438047372
852,0.36983389226168994
853,0.007504001315488118
854,0.22890223747102814
855,0.5169947892081518
856,0.15383840613556177
857,0.45894057227403084
858,0.35019800551998675
859,0.46579477954338805
860,0.712803655302455
861,0.5123892676527083
862,0.02078066525569866
863,0.1681354242322705
864,0.48811007556922675
865,0.42828291000312113
866,0.667804063448557
867,0.5784281695925277
868,0.3043382927059374
869,0.36199052517301383
870,0.17544427620681943
871,0.2594440591036634
872,0.27697526844736675
873,0.4320541164485512
874,0.5040782565363485
875,0.25173707089251385
876,0.6176424120583232
877,0.24010302362104033
878,0.348660643526232
879,0.7814928365194711
880,0.33430212646890767
881,0.295191304834657
882,0.40637338892345065
883,0.33791677184978314
884,0.3109233022401266
885,0.18956311762469336
886,0.21836380610857617
887,0.10846090673113881
888,0.24203658144561888
889,0.1358320397863094
890,0.7176660225973811
891,0.20523027183665946
892,0.3943628959188454
893,0.1840464481321433
894,0.6525678185075696
895,0.20546097892372678
896,0.5938806526147934
897,0.8450134497536207
898,0.46414418170360083
899,0.22102239181268227
900,0.5754144054064775
901,0.7216799210757571
902,0.28090702282759494
903,0.47078764451629046
904,0.41737147855021395
905,0.4721334837228453
906,0.2513210044133851
907,0.22683882936983113
908,0.2413156950890972
909,0.34543056107851333
910,0.19909614531906483
911,0.34982938119011053
912,0.4618173862076707
913,0.44808397367166114
914,0.5405179264489083
915,0.18687627058338957
916,0.26579057569992937
917,0.8628886546998495
918,0.9504713753207713
919,0.22153190793431246
920,0.14562219964711026
921,0.33265583487269296
922,0.5190563198835887
923,0.2271423611964517
924,0.9320585994796735
925,0.364457233153122
926,0.4213792536215126
927,0.6038509221426094
928,0.774003006210218
929,0.7917686071918151
930,0.13692416563964177
931,0.23861467827655639
932,0.3433244502215028
933,0.6920967535867651
934,0.6118871724630194
935,0.4383707840164578
936,0.24926949890415495
937,0.6121663947154394
938,0.6556962619177927
939,0.4134097554994247
940,0.20805129209403725
941,0.575568718522729
942,0.27898041410612107
943,0.35067158031192225
944,0.25279809308586326
945,0.2684436114697173
946,0.2257975190902139
947,0.6877929472332512
948,0.25166457090911104
949,0.24192742940733528
950,0.5467189423859278
951,0.2261577690971259
952,0.5679883676635622
953,0.7483153930868284
954,0.29044251232235674
955,0.38849657471950283
956,0.2799746811580551
957,0.4001769694374498
958,0.15919273334614475
959,0.24653969399849018
960,0.29479041802469275
961,0.3623136002950055
962,0.4014053390173534
963,0.38687571976408774
964,0.44175634583254836
965,0.2572462378806842
966,0.7245142659282636
967,0.48546280980922446
968,0.21064759597165675
969,0.2114138991448252
970,0.7404860994931726
971,0.7846057816059276
972,0.2779208335374975
973,0.333703730922541
974,0.22237341634919724
975,0.5966579475546596
976,0.8311994332598752
977,0.7102564041278531
978,0.25432803353944333
979,0.5854286492479975
980,0.43650873268158275
981,0.3721634321111297
982,0.23914838894211354
983,0.2619794507362947
984,0.3836838479737073
985,0.24773065261097862
986,0.17471223740185918
987,0.16984442407509837
988,0.8662316145377409
989,0.5551806487968397
990,0.7607366330056939
991,0.6713656035049673
992,0.5161788512951984
993,0.3270797703679953
994,0.40749718371119414
995,0.3688541394116308
996,0.26669039288146085
997,0.2117950424252296
998,0.3322827436623159
999,0.251810905602132
