18
22
5
15
25
12
19
27
7
28
6
17
15
10
15
26
8
9
7
0
2
22
27
14
28
13
13
20
0
15
16
9
13
23
27
21
3
12
18
11
0
12
19
17
6
3
3
14
10
4
15
19
12
11
20
21
29
3
28
0
25
0
12
2
27
5
20
22
4
20
3
26
4
9
25
20
6
9
23
3
13
22
22
27
24
20
18
8
24
4
18
5
16
17
22
13
26
7
21
19
7
14
4
25
11
29
17
13
4
9
15
6
10
1
28
3
18
2
24
24
20
20
28
5
12
18
19
9
21
10
12
23
6
22
11
15
27
28
27
10
17
6
8
24
16
14
9
1
10
14
7
22
17
3
18
16
6
0
24
3
24
16
18
7
14
26
0
29
14
25
23
29
13
25
27
8
26
7
16
25
26
1
23
1
11
3
11
5
11
12
9
18
26
12
10
26
28
8
1
29
15
21
29
27
19
21
14
17
8
29
16
1
29
21
28
8
24
1
4
26
5
15
25
21
28
29
2
19
2
13
5
13
23
8
19
22
10
23
12
15
13
4
14
9
2
14
19
10
0
11
4
11
6
2
23
21
7
23
7
27
24
17
28
7
5
1
21
1
0
6
6
20
16
9
18
5
10
1
19
26
20
25
29
4
0
17
24
11
23
17
5
2
25
2
8
8
16
2
22
16
