18
16
23
8
7
4
19
29
26
22
11
19
25
26
12
28
14
18
18
24
29
24
28
8
8
13
15
13
9
0
3
29
26
24
13
14
1
19
24
1
2
2
18
16
0
22
29
5
23
7
6
11
5
22
12
0
17
3
17
25
16
28
22
7
7
22
2
15
7
28
4
20
18
26
17
28
12
25
22
23
23
16
27
29
25
3
5
26
0
10
16
9
4
23
22
29
11
15
23
1
9
18
1
13
20
1
3
10
10
3
28
0
20
19
4
5
22
14
21
22
22
20
19
21
15
27
14
2
1
25
28
4
4
16
11
28
27
2
20
5
6
11
5
3
1
20
26
23
1
18
15
6
27
4
19
2
21
3
27
19
12
2
26
10
7
19
19
21
24
14
27
24
1
8
2
16
12
21
13
11
26
9
24
6
17
11
13
25
27
11
9
5
20
17
3
20
16
25
4
5
9
15
18
24
17
6
12
0
29
20
25
3
15
29
26
8
15
2
24
15
0
25
21
24
10
7
27
10
12
19
27
29
16
26
1
21
23
18
25
21
27
6
12
6
6
20
4
18
3
17
21
29
8
23
0
15
21
0
28
28
23
17
17
2
0
6
11
17
16
9
5
7
11
13
13
4
6
12
7
8
13
7
14
10
9
12
14
5
9
8
9
10
13
8
14
10
14
8
14
10
