8
5
3
0
14
7
9
4
1
3
5
7
11
0
4
2
13
7
6
12
8
10
11
2
12
13
9
13
0
1
12
8
8
14
3
2
9
7
13
10
0
7
6
5
0
4
1
5
11
14
1
6
10
9
4
0
12
1
13
3
10
5
4
2
8
0
12
11
9
8
1
3
2
7
11
6
5
14
13
7
13
14
0
9
10
1
12
3
3
6
7
11
4
11
12
4
13
14
3
2
4
5
9
11
14
10
0
9
14
2
11
6
3
6
1
7
6
10
8
8
8
8
2
6
2
4
13
9
0
13
1
5
3
4
10
10
14
1
6
0
14
2
12
11
7
11
12
10
6
8
1
14
7
5
3
6
4
1
8
13
2
9
8
7
5
11
14
9
12
4
10
6
12
10
13
11
3
2
0
0
7
3
5
10
4
13
14
0
9
7
0
12
11
6
3
8
5
14
10
12
9
13
4
12
1
5
2
1
2
8
11
5
1
9
14
3
1
7
4
14
5
13
9
2
3
11
2
4
8
13
10
9
0
10
7
6
6
12
4
12
9
10
9
14
5
14
11
2
0
12
7
4
3
1
7
13
6
3
0
2
1
8
10
8
6
5
11
3
13
12
4
1
12
2
9
14
1
5
7
13
6
8
3
10
13
8
5
4
9
6
2
10
0
14
11
0
12
5
7
11
