0
4
8
5
3
7
6
6
7
3
9
7
0
6
1
1
0
4
2
8
1
4
1
3
9
6
2
0
5
5
4
5
1
0
7
1
2
0
0
2
6
2
7
6
6
7
8
9
3
9
5
2
5
7
0
6
3
1
8
4
6
3
7
0
3
0
0
1
6
6
1
7
1
8
7
5
4
2
8
2
9
4
5
4
9
9
3
5
8
2
4
1
9
3
4
6
6
4
3
1
2
1
7
6
8
5
5
9
0
7
2
8
9
8
0
5
6
3
8
2
7
3
5
4
9
9
4
4
7
2
7
6
7
3
3
8
0
8
5
8
1
3
0
1
6
2
9
2
5
9
1
9
4
4
5
6
1
3
3
6
0
4
7
8
3
7
0
9
1
9
6
7
8
2
0
5
8
4
5
3
9
5
3
1
0
4
9
7
8
8
1
1
5
9
0
6
2
0
4
5
3
3
3
6
4
8
7
4
7
6
5
9
8
2
2
4
3
6
4
4
9
5
3
5
8
0
0
8
3
7
4
7
0
2
7
6
1
1
1
9
7
8
5
1
6
2
8
2
5
7
8
2
1
6
4
3
0
1
2
5
7
9
9
2
0
2
0
6
2
9
5
2
8
4
4
5
4
3
6
5
9
0
6
8
3
1
1
8
9
7
0
3
1
2
9
7
9
0
8
2
