10
1
2
3
7
12
13
3
4
7
0
14
5
13
0
1
9
12
3
8
11
3
6
2
1
2
1
14
2
4
9
4
1
14
0
3
4
11
8
5
9
10
6
0
13
7
0
12
5
8
9
5
0
13
11
10
6
3
7
11
1
14
1
13
12
10
4
8
8
2
12
2
6
9
3
12
9
12
7
14
10
1
6
6
9
4
5
8
4
7
3
10
5
11
2
0
14
13
0
13
12
9
3
10
5
2
4
13
0
4
6
14
6
11
8
13
12
14
9
7
5
11
3
1
7
11
5
0
11
4
10
9
3
9
14
4
8
6
8
10
1
5
12
6
1
2
13
13
2
7
14
12
11
11
10
6
12
13
0
2
10
5
9
2
1
7
7
14
4
3
6
8
4
13
8
8
4
1
10
7
10
13
5
0
11
7
8
12
2
11
14
9
3
1
9
0
14
6
5
12
5
14
2
2
4
6
8
3
9
8
14
6
10
7
0
3
5
10
12
7
11
13
11
0
1
9
10
10
7
8
4
5
1
11
6
2
5
6
9
13
14
3
7
13
12
8
11
0
14
12
