29
19
21
0
9
27
3
28
25
4
6
24
23
2
16
1
12
13
10
22
7
8
26
18
11
5
20
14
15
17
22
5
20
28
23
8
14
1
2
4
17
9
13
0
29
15
24
25
21
27
7
26
16
19
10
18
12
11
3
6
26
22
15
2
19
1
4
28
8
9
10
3
17
12
20
24
16
21
11
18
14
23
5
23
6
27
7
0
29
13
1
15
29
10
3
21
14
24
2
0
13
9
10
22
7
20
4
7
20
3
22
26
25
15
6
8
17
23
29
11
5
0
13
28
24
21
2
27
19
12
18
16
15
10
25
1
12
22
6
9
14
2
3
0
11
7
23
29
4
6
19
24
8
28
1
20
26
17
14
8
24
16
27
17
5
7
19
26
16
25
0
13
18
10
12
11
6
5
27
18
9
18
8
0
17
28
11
15
29
9
21
2
14
4
16
19
12
6
26
7
27
23
13
3
28
22
5
1
20
25
29
23
3
24
5
28
13
7
26
9
8
0
14
11
19
16
15
1
2
22
10
20
27
17
18
21
12
4
6
25
8
4
21
20
7
3
26
15
9
12
1
25
14
22
13
23
2
5
21
28
16
18
19
10
24
29
11
25
17
27
3
22
1
19
14
20
11
27
12
23
26
13
5
10
9
2
24
16
4
21
25
29
17
0
6
4
8
18
28
15
