14
12
20
30
28
18
11
6
15
24
22
10
34
26
29
32
17
4
8
23
21
0
5
2
3
31
33
4
2
16
17
9
8
33
33
23
16
21
28
9
12
6
14
11
9
32
5
20
0
29
26
31
0
23
1
11
20
25
15
10
1
4
34
32
6
8
7
30
14
12
21
2
19
28
18
0
12
28
23
31
15
25
19
14
8
5
6
10
11
13
24
18
32
22
7
7
3
34
16
19
5
27
13
29
27
9
27
27
0
20
19
34
27
24
28
2
18
33
27
15
27
22
8
17
3
0
7
20
30
10
13
6
13
26
24
25
5
31
12
21
32
16
1
2
17
9
34
1
28
15
29
7
30
24
26
25
25
33
2
21
9
6
18
31
4
22
8
27
32
10
25
19
3
16
15
10
18
19
34
31
1
11
17
14
13
23
33
24
4
30
13
3
29
26
22
0
15
1
12
20
2
19
23
21
7
5
14
18
13
33
29
17
9
25
19
22
8
34
16
6
11
28
30
3
25
22
13
4
23
29
26
4
7
5
1
3
16
30
10
17
32
20
11
12
21
31
14
26
7
24
