10
14
3
11
17
6
16
9
11
3
9
19
3
2
4
13
7
4
14
9
0
13
18
4
8
17
17
2
13
15
8
4
14
5
1
4
14
8
3
16
17
13
9
0
13
4
10
17
7
4
0
19
6
8
18
18
4
12
19
2
1
5
4
12
18
12
8
3
15
9
6
5
0
3
0
8
6
13
1
12
16
2
4
6
18
7
5
14
19
8
13
7
16
12
16
0
6
1
8
0
9
0
3
16
10
18
13
11
11
2
17
3
9
3
18
13
13
7
7
14
19
19
3
0
1
5
10
19
0
1
6
1
0
15
3
5
11
8
7
9
10
8
17
12
19
1
18
2
14
18
9
19
18
15
5
12
14
19
12
6
2
13
5
4
11
18
19
14
5
6
12
14
14
5
2
9
1
5
9
7
11
19
8
3
7
7
11
10
6
13
1
6
6
4
6
14
2
4
0
2
7
2
15
13
7
17
2
1
2
19
17
10
10
2
10
8
4
4
15
18
2
18
15
16
15
7
9
3
16
17
17
15
3
16
5
6
17
1
5
14
8
6
12
10
13
11
19
5
15
8
9
3
7
16
12
9
19
0
10
12
1
16
9
11
8
1
13
15
0
1
18
10
5
16
11
14
16
16
11
11
10
15
14
15
12
15
17
12
16
17
10
12
11
10
18
15
17
11
0
7
