5
9
13
10
8
12
16
15
18
3
19
17
6
17
6
0
5
3
7
12
7
4
1
1
14
10
2
0
15
11
2
10
6
6
16
1
8
5
5
0
11
4
17
17
10
15
14
18
2
19
11
7
15
12
9
16
3
7
13
1
12
2
11
5
7
1
2
9
16
17
0
13
1
18
15
19
4
5
14
8
13
9
10
6
12
16
3
11
19
4
11
3
10
8
7
9
19
3
4
0
6
2
19
3
18
12
13
14
1
15
4
17
14
5
0
11
12
18
13
7
1
7
15
3
12
13
16
4
17
6
16
9
19
18
3
15
5
13
10
14
9
8
1
17
11
0
2
2
13
19
1
13
2
0
15
16
8
9
4
19
5
8
19
18
3
17
5
12
9
12
11
10
14
1
4
16
14
7
10
6
19
18
9
2
0
5
14
15
16
10
4
1
18
13
2
11
9
6
7
16
8
3
6
13
4
14
12
0
17
11
11
14
16
7
2
8
5
13
19
15
12
15
4
10
18
0
9
17
9
6
10
17
1
8
18
15
5
3
6
11
11
16
17
8
18
3
18
6
14
13
12
0
6
14
2
7
2
0
7
10
16
19
12
9
1
5
4
10
8
15
15
7
17
0
8
18
9
3
14
14
17
18
8
13
7
1
19
10
0
16
4
4
2
3
19
11
12
6
8
5
