15
14
4
10
4
16
19
14
15
2
4
10
4
8
14
19
18
0
4
16
4
16
19
6
14
5
11
9
5
18
5
0
5
5
1
8
0
11
14
8
13
3
2
0
9
16
10
5
17
9
12
14
5
0
18
7
3
7
16
11
7
8
1
9
0
19
8
17
7
17
13
14
14
6
4
13
11
12
9
15
18
16
9
9
7
16
12
16
13
3
3
0
11
17
10
19
17
6
13
9
9
0
19
9
10
8
10
1
7
8
16
15
1
11
19
11
8
9
10
5
14
10
0
1
0
15
18
16
17
14
17
14
4
13
7
2
6
15
8
19
6
1
8
1
1
5
10
1
16
1
6
12
15
1
17
5
19
13
18
12
0
9
7
4
4
12
2
3
1
18
7
19
9
7
15
2
11
18
9
18
7
1
6
8
7
13
15
2
12
10
5
17
4
12
4
7
3
8
17
17
11
17
17
17
5
0
13
5
3
6
15
10
6
12
14
11
6
11
11
18
12
14
2
8
12
16
6
18
6
1
0
3
17
18
1
9
15
0
11
5
15
6
13
4
11
16
16
3
10
2
3
12
11
15
19
6
2
18
2
10
13
8
15
19
2
3
16
3
6
19
7
13
2
3
14
15
12
4
18
10
2
4
18
14
3
8
10
5
12
3
13
2
19
2
13
0
13
7
19
12
