15
16
15
15
16
16
15
15
15
15
15
16
16
15
15
16
16
15
15
16
16
16
16
16
16
15
16
2
7
15
12
17
12
17
12
12
17
17
12
17
12
17
12
8
12
12
12
17
17
12
17
12
17
12
12
17
17
12
17
17
0
1
0
1
1
6
0
1
0
0
0
0
1
1
0
0
1
0
1
1
1
1
0
1
0
0
1
2
1
0
18
18
19
19
18
19
18
18
13
7
18
17
5
18
11
18
19
18
19
19
18
18
19
18
19
19
19
19
18
18
11
11
8
11
10
10
10
10
10
11
10
1
10
8
10
10
11
10
10
10
19
11
11
10
3
11
11
7
11
10
5
6
5
6
0
5
4
6
5
5
5
6
6
5
5
5
6
6
6
6
10
5
6
5
5
5
6
11
5
6
13
14
13
2
13
14
13
4
14
13
11
13
13
14
14
14
13
19
13
13
14
14
13
14
13
14
13
13
14
2
4
14
4
2
4
4
14
14
2
2
2
2
4
4
2
4
4
2
2
19
14
11
4
2
4
2
4
4
4
19
7
7
7
3
3
3
7
7
7
3
3
3
3
3
7
7
8
3
3
3
3
7
3
7
6
7
11
7
3
6
9
9
9
9
9
8
9
15
9
9
8
2
9
9
9
8
8
8
9
8
8
8
18
9
9
16
9
8
8
8
