13
13
18
0
1
3
14
16
16
17
2
14
15
8
4
18
8
15
12
19
10
18
16
1
16
19
11
0
9
6
0
10
16
5
9
8
5
14
19
5
1
6
13
4
6
17
10
4
17
0
4
2
2
17
2
3
12
5
11
19
13
16
17
1
1
18
7
11
1
16
18
15
16
15
6
18
0
19
17
17
17
13
10
10
19
8
6
16
6
7
13
9
3
17
3
3
2
10
18
5
7
13
5
8
15
5
14
7
7
14
18
5
15
14
3
7
17
8
12
17
17
6
14
12
6
4
17
6
5
19
18
6
3
13
2
18
4
6
15
7
4
2
4
9
5
15
15
17
4
13
11
9
11
6
14
1
14
3
10
14
2
1
16
2
9
14
1
12
18
8
10
19
5
0
1
13
2
12
8
2
16
0
19
4
11
2
8
19
16
3
9
7
15
11
12
15
13
19
3
1
14
11
12
18
12
3
2
5
10
15
19
9
11
10
16
0
11
6
18
10
17
19
14
18
11
1
10
7
0
14
10
12
13
16
5
12
13
12
19
12
11
4
0
4
4
15
3
13
3
11
14
16
0
15
5
10
12
5
19
18
15
11
12
9
6
4
2
11
13
9
7
9
2
0
9
6
4
3
1
0
3
1
8
7
9
0
8
7
9
1
9
7
8
10
8
7
8
0
8
7
