6
18
14
17
9
13
14
6
5
6
14
1
1
11
0
17
10
7
18
7
19
9
8
16
4
12
15
14
15
16
8
18
6
0
14
8
11
2
12
8
16
8
10
12
8
16
1
7
3
19
19
13
3
19
0
9
9
12
15
16
13
9
5
4
14
4
18
11
1
19
2
15
13
10
8
19
19
3
9
5
14
19
9
15
4
2
10
17
17
12
3
15
3
4
17
17
17
4
7
10
12
4
12
16
15
0
1
2
12
0
11
11
5
15
17
16
2
16
13
3
3
7
0
8
8
15
8
13
1
1
19
13
18
4
2
12
17
0
14
8
6
7
4
17
6
9
0
7
10
8
6
11
11
4
13
18
14
12
19
2
0
2
4
3
7
18
13
14
2
12
19
18
6
13
10
10
16
18
7
5
6
5
6
9
19
11
16
15
13
17
5
8
4
6
13
4
5
7
18
2
1
1
9
5
17
16
2
5
19
12
5
2
13
5
2
15
1
16
15
6
5
12
6
9
9
10
5
10
2
2
11
3
0
17
7
10
15
9
1
0
14
5
10
8
11
11
11
14
10
11
14
1
16
1
6
11
14
12
0
10
18
13
19
18
18
0
11
3
17
0
3
18
0
19
15
10
3
16
3
13
7
8
7
9
18
7
6
7
9
16
3
4
12
3
1
14
15
4
1
17
