10
0
0
23
8
22
1
7
2
26
0
1
11
28
3
18
9
2
27
9
10
17
4
7
29
21
12
7
3
10
3
14
28
25
19
0
9
23
22
28
17
18
13
1
10
7
20
15
18
16
24
9
25
3
5
5
15
20
3
8
19
25
16
12
28
7
0
14
17
11
27
29
12
26
16
16
26
11
10
28
3
8
28
11
12
6
4
18
29
13
14
9
6
17
11
3
10
20
12
24
4
27
5
17
10
25
27
14
9
2
1
14
11
22
14
19
13
13
19
24
13
17
17
7
2
27
14
25
6
21
10
24
24
23
22
2
26
9
5
20
28
1
18
11
20
25
28
8
16
18
8
16
14
13
6
1
5
19
5
4
15
11
1
19
4
13
7
21
20
9
2
18
1
5
13
0
1
2
5
25
2
0
29
17
29
23
17
6
20
21
6
8
6
10
3
8
20
11
13
3
10
19
15
16
23
18
8
8
24
22
24
4
24
4
24
4
25
0
14
19
13
22
26
27
26
8
28
4
26
7
1
0
15
28
17
2
25
6
9
16
15
4
23
12
21
15
21
9
26
23
24
0
19
26
16
7
29
3
23
7
26
14
23
5
6
25
22
27
29
22
27
27
18
20
29
18
22
6
29
15
2
29
12
21
12
12
19
12
11
23
15
27
21
22
20
16
5
21
15
21
