14
3
5
10
19
1
11
15
11
9
2
19
10
8
8
15
4
3
1
9
3
11
19
1
16
1
4
10
9
11
15
6
4
19
19
7
6
0
18
0
15
8
13
14
0
3
8
14
1
3
16
13
1
6
15
16
12
19
18
2
11
6
13
1
16
5
13
12
7
12
9
15
4
3
13
19
0
3
19
7
4
15
13
17
12
10
8
6
18
0
19
7
10
14
18
0
12
3
17
15
6
0
7
16
1
10
14
8
8
7
1
8
9
6
18
2
11
7
12
11
13
18
10
5
4
10
4
7
13
5
8
12
14
17
2
10
15
15
10
10
16
7
2
11
4
0
2
9
9
6
6
1
12
14
14
10
7
9
14
11
9
11
13
8
5
16
0
10
6
14
19
16
9
13
15
18
12
18
18
15
9
6
16
1
0
4
5
3
0
6
3
14
19
1
2
16
12
5
2
17
10
18
5
17
11
17
7
11
7
12
17
7
12
12
11
0
17
17
16
13
1
17
18
17
16
18
3
15
5
4
4
18
4
3
9
0
8
16
5
11
1
2
2
3
7
14
16
4
7
1
2
5
19
9
13
17
2
14
3
13
11
17
18
6
9
8
12
8
8
5
5
19
15
4
14
9
5
5
13
3
13
19
15
2
2
10
12
6
19
17
18
2
14
4
0
0
17
6
8
16
