6
5
9
4
4
3
6
8
7
9
1
6
8
1
4
8
1
6
6
9
7
8
8
4
5
9
5
3
2
0
4
7
7
9
2
1
0
6
9
0
3
3
6
4
0
9
7
3
9
9
0
1
3
9
1
6
5
0
5
8
5
4
9
4
4
9
3
5
4
7
8
8
6
7
0
8
1
8
9
9
9
5
7
7
9
1
3
7
0
2
5
2
3
9
3
4
1
7
9
0
2
6
0
3
8
0
6
2
2
6
9
0
6
6
3
5
9
1
0
9
9
3
6
6
9
7
5
3
0
8
8
3
3
5
1
8
1
3
8
2
0
1
3
2
0
8
7
9
4
6
5
2
7
3
6
3
6
0
7
6
1
3
7
1
2
6
3
6
8
1
7
9
0
4
3
5
1
5
1
1
7
2
9
0
5
1
2
8
7
7
4
2
8
5
5
8
5
8
3
0
6
5
5
8
5
3
1
0
7
8
8
2
5
7
7
4
5
3
8
7
9
8
6
8
2
4
7
4
1
6
7
7
5
7
0
6
4
6
8
0
7
2
1
0
1
6
3
6
4
5
6
4
4
9
0
7
9
0
8
8
9
5
5
2
0
0
1
5
5
2
2
2
1
3
2
3
0
3
4
4
2
4
1
2
2
4
1
2
2
4
4
2
2
4
1
4
0
4
1
2
