24
23
22
14
22
24
22
3
22
24
22
23
23
24
6
23
23
24
24
24
23
23
24
23
22
22
22
23
4
22
18
26
18
25
25
18
26
25
18
26
21
26
25
4
12
18
26
25
25
18
25
18
19
18
25
26
26
18
25
26
7
8
9
8
8
0
7
8
7
16
2
7
13
8
9
9
7
9
7
8
7
8
9
8
9
7
8
9
9
7
28
28
29
27
29
29
28
29
2
0
29
18
26
28
27
28
27
28
29
27
15
28
6
29
27
29
27
27
28
28
15
17
15
17
27
16
16
16
24
15
16
17
23
17
16
17
3
17
17
16
17
15
15
16
1
17
15
19
17
16
1
2
0
2
24
1
1
20
0
0
22
2
1
0
2
0
1
1
1
2
5
0
2
0
0
1
2
11
26
1
20
19
12
15
20
15
20
2
19
20
19
19
21
19
19
19
20
27
21
21
19
21
20
21
20
21
20
20
21
12
12
16
11
11
12
13
13
13
11
6
11
12
13
11
11
13
12
11
12
3
21
21
13
29
12
11
12
13
11
4
3
3
3
14
10
10
14
15
3
10
10
10
14
14
3
10
6
14
9
13
14
3
10
14
9
3
8
10
10
28
5
5
6
6
5
4
5
25
5
6
4
7
5
6
5
14
4
4
5
14
13
4
10
6
6
29
5
4
4
27
