19
14
4
10
8
7
2
5
10
11
0
13
12
12
0
6
1
3
9
18
6
18
7
15
2
17
1
5
16
16
19
7
1
16
6
4
0
6
0
2
10
17
16
11
7
11
17
9
5
10
14
15
12
8
3
12
1
13
2
18
12
15
0
1
15
6
8
0
7
3
5
3
16
10
7
4
11
2
13
19
17
18
6
17
1
10
14
5
13
9
17
13
15
11
19
15
3
13
14
16
3
7
1
2
12
0
11
13
9
10
18
6
14
7
4
8
5
9
18
1
10
19
1
18
0
3
13
8
17
11
9
16
9
6
5
8
2
4
14
19
12
3
7
18
15
10
15
14
5
4
13
2
7
10
6
8
14
9
12
0
5
3
18
16
3
14
17
3
2
19
15
17
18
6
13
0
4
4
16
11
15
9
1
11
2
19
19
6
8
8
17
10
9
5
15
17
3
1
7
6
13
16
12
4
11
13
18
14
0
4
4
11
16
8
7
16
15
9
19
4
12
17
19
9
5
6
3
0
13
2
14
14
2
12
8
1
11
18
0
10
0
11
17
9
11
1
10
5
15
4
3
19
12
5
8
14
10
18
16
19
8
4
13
2
6
14
17
9
7
15
18
2
2
7
0
19
13
15
4
8
3
11
14
10
5
17
8
9
18
6
19
16
1
7
12
16
12
1
5
12
