18
13
6
3
21
20
4
0
10
1
11
8
18
15
18
9
0
23
3
22
17
15
16
5
14
2
19
12
7
9
16
18
15
8
9
6
20
4
12
18
3
22
0
13
17
0
12
3
5
11
24
10
15
14
6
9
23
2
1
21
16
1
0
6
5
11
23
14
1
8
9
10
12
21
13
20
6
23
22
2
24
4
7
17
15
13
18
3
19
16
23
16
17
4
8
20
8
7
12
6
21
24
16
2
22
15
5
22
10
13
9
3
4
3
19
11
14
14
18
19
2
17
0
5
11
2
21
8
5
22
20
3
4
21
17
11
7
15
10
21
12
23
19
16
24
0
22
7
12
9
6
20
23
8
16
17
21
2
20
5
11
19
14
7
22
15
14
24
24
1
0
10
4
18
8
12
4
2
13
9
20
4
13
12
17
23
2
6
1
22
3
8
24
9
11
11
21
0
16
13
19
24
14
1
15
19
18
7
5
10
24
3
1
22
23
14
12
6
10
18
13
7
19
11
5
16
0
8
7
21
20
10
17
15
2
17
9
6
5
4
5
7
10
18
17
22
16
13
2
19
15
24
9
14
4
20
1
11
3
0
1
21
24
23
4
6
10
8
14
12
2
13
1
15
21
19
17
3
13
24
0
22
23
23
10
18
20
19
11
9
20
5
6
12
16
14
7
7
1
8
