15
22
23
18
3
24
25
18
22
12
3
22
12
7
22
12
26
13
7
18
13
16
11
7
23
1
21
11
1
23
13
6
7
0
9
10
13
24
25
24
26
14
12
2
11
24
19
8
20
3
28
29
1
0
23
6
10
11
23
19
4
8
1
15
2
28
12
15
6
22
15
27
3
9
5
9
24
5
6
16
24
21
21
4
10
21
27
21
3
5
6
4
11
17
27
17
20
10
12
12
5
2
28
14
19
6
18
9
17
5
20
16
1
16
28
17
9
1
26
8
29
22
0
4
13
17
21
18
15
21
21
11
25
19
3
6
14
25
22
7
9
19
10
10
10
2
25
13
17
8
0
17
17
7
15
4
27
20
2
26
27
11
7
12
8
18
14
13
27
24
4
29
20
3
26
5
25
28
14
27
7
5
2
8
9
29
16
11
26
7
0
27
3
24
4
3
8
5
19
23
17
29
4
23
8
13
18
1
13
10
15
16
20
23
23
27
2
16
23
20
21
28
0
6
25
14
1
0
2
1
2
13
22
26
4
19
15
6
25
10
28
0
18
8
16
11
20
5
19
25
9
16
18
1
22
0
5
27
4
28
26
9
29
11
3
18
19
15
14
17
12
26
12
14
22
20
21
2
28
19
0
8
29
29
10
6
29
14
16
29
26
7
25
24
20
9
28
14
15
24
