3
5
5
19
2
17
6
0
5
16
5
6
4
15
7
9
2
5
15
4
3
13
8
4
8
10
13
2
8
19
7
0
15
3
10
5
4
18
17
15
13
17
4
6
3
2
11
12
14
13
18
2
9
7
11
7
12
11
7
4
12
3
13
1
19
0
6
0
14
3
12
19
1
16
13
13
16
1
3
15
8
2
15
8
1
7
8
13
18
3
0
4
6
14
3
14
5
11
1
18
3
8
9
14
4
18
16
0
4
19
6
0
3
17
0
10
4
1
10
11
1
14
14
7
5
16
0
18
7
3
3
18
12
19
17
1
16
17
9
11
15
9
14
8
11
16
15
2
13
12
2
13
16
1
9
19
9
12
9
8
12
2
6
12
8
1
2
10
11
4
5
0
6
7
17
6
6
5
9
6
6
18
19
14
15
19
14
7
11
10
6
2
7
4
7
2
11
3
1
7
4
12
12
13
19
18
2
19
17
10
10
8
18
8
17
8
3
5
5
10
0
17
16
16
16
2
15
8
13
0
6
6
14
15
14
5
9
9
4
14
15
8
16
1
10
12
10
4
11
16
18
5
10
11
13
0
18
7
18
0
16
0
19
9
9
18
19
15
13
17
15
16
14
11
19
14
17
9
2
12
5
19
1
11
1
18
17
1
10
17
12
15
11
17
7
13
9
10
12
10
