28
7
0
21
7
26
22
0
18
10
11
12
24
23
0
25
27
25
26
8
8
23
24
13
23
4
16
8
0
15
7
4
2
13
9
27
22
2
14
8
21
18
23
4
28
20
19
12
18
19
3
26
2
11
6
3
7
24
22
14
7
9
1
6
3
16
13
27
15
1
0
2
9
1
9
25
3
17
0
1
15
15
5
3
18
27
22
11
14
4
8
20
5
6
27
29
10
11
3
9
18
28
17
13
21
6
16
10
7
26
11
15
5
28
29
2
17
4
12
14
16
17
2
7
20
20
5
5
29
12
9
18
22
8
1
7
21
15
27
23
8
14
10
0
10
11
25
20
28
5
19
17
22
14
13
13
25
19
15
25
20
20
24
17
14
6
12
22
29
12
24
21
11
20
26
25
2
6
4
16
23
1
17
3
25
26
13
12
3
9
6
4
24
7
18
23
16
23
4
26
19
22
10
22
1
19
26
28
26
19
10
29
29
10
5
16
20
29
16
21
15
16
6
13
13
19
18
4
15
8
0
12
10
14
0
1
23
12
29
15
16
8
20
18
21
1
5
19
21
2
8
17
24
29
11
28
13
24
27
2
24
3
26
21
9
0
11
6
9
29
4
28
14
22
18
23
19
17
28
3
2
25
7
27
10
28
17
25
9
5
24
27
12
11
6
21
1
27
5
14
