4
11
17
1
9
18
1
15
19
0
9
10
10
7
11
5
8
6
4
12
5
3
13
17
2
2
14
7
16
16
18
0
15
14
17
7
4
1
1
3
16
9
2
0
17
16
12
12
19
11
5
13
15
10
7
10
6
5
2
8
17
14
10
8
16
1
7
11
2
2
0
0
15
6
12
14
15
12
4
10
6
13
9
19
7
18
8
5
18
3
10
16
5
8
6
12
8
13
15
6
7
18
9
14
2
10
0
17
4
1
14
11
19
12
5
3
1
19
13
9
0
1
0
16
13
19
4
18
14
17
19
13
10
7
15
8
6
11
9
14
4
2
3
18
6
9
15
4
5
12
15
5
1
19
5
11
13
15
2
8
10
14
13
17
2
6
12
3
19
14
4
0
6
5
7
3
18
18
9
16
8
10
3
6
16
18
4
11
14
0
18
7
1
6
16
12
9
5
12
0
17
13
3
2
19
14
9
8
15
11
17
11
7
19
3
17
2
9
14
6
5
9
4
1
11
16
19
7
8
18
0
15
13
13
16
12
3
4
1
10
6
8
15
16
5
3
18
10
8
9
4
7
0
13
11
18
0
1
3
11
17
14
19
2
11
15
4
12
13
12
5
19
2
18
1
11
3
17
4
12
17
7
6
9
3
0
13
10
7
16
19
16
15
1
8
2
8
14
10
17
