14
19
11
23
7
12
0
3
17
26
14
28
29
18
2
13
4
9
8
23
0
20
5
15
10
27
1
6
16
21
27
2
0
17
5
3
6
11
7
13
29
23
22
15
10
24
28
8
4
15
25
20
16
1
12
21
9
26
14
19
25
16
6
2
18
9
1
5
11
14
9
0
19
28
4
0
17
13
17
23
26
22
3
24
8
21
27
12
20
7
19
25
28
4
16
21
29
15
8
20
5
27
7
29
24
6
25
10
22
12
27
0
18
22
19
20
2
14
5
21
18
26
11
21
7
10
19
12
17
24
26
15
6
3
4
13
5
14
25
20
23
11
8
27
16
28
22
29
1
9
14
11
8
13
0
5
18
1
25
10
2
9
26
24
7
4
29
6
15
17
3
1
10
16
24
6
2
28
19
25
26
9
4
15
1
19
24
13
11
12
20
16
6
7
21
28
10
2
0
8
18
29
23
3
17
27
25
22
14
5
5
16
15
9
3
19
21
1
23
7
17
27
22
12
14
2
4
13
20
8
26
18
3
24
11
0
22
28
10
29
7
16
28
10
20
12
13
4
27
23
11
22
21
6
14
26
17
29
18
15
1
5
23
9
2
19
25
3
8
24
26
18
3
7
4
16
23
17
11
1
9
28
12
18
22
27
10
25
13
12
13
20
0
8
21
15
29
6
2
24
