1
27
1
18
5
26
8
0
8
11
27
20
9
0
9
28
3
12
0
26
29
11
0
26
13
17
25
1
18
8
2
5
3
26
13
9
15
28
22
7
6
8
4
25
18
10
6
1
4
12
28
22
2
28
7
21
28
27
0
18
17
17
2
26
23
14
19
16
3
23
14
26
10
5
14
14
23
15
7
18
25
14
20
25
15
13
15
13
28
26
29
21
27
1
3
11
11
12
0
10
15
24
2
10
8
21
22
28
23
27
10
10
10
18
17
9
21
6
7
24
13
12
11
24
25
8
1
18
27
21
29
16
23
2
29
22
15
12
2
29
21
23
1
24
29
12
29
1
19
7
19
15
22
15
6
14
17
25
4
23
11
20
16
10
5
19
14
11
16
5
13
24
3
7
19
25
20
6
2
11
4
3
6
3
21
4
7
6
9
12
20
12
9
18
16
12
21
19
5
0
15
4
9
8
9
4
26
23
19
29
20
22
25
26
28
9
22
16
27
7
3
19
1
3
27
6
24
11
16
13
20
17
22
27
14
18
24
13
20
4
16
2
5
18
22
3
19
5
22
14
15
2
13
28
13
1
5
6
23
5
17
6
20
25
9
26
24
24
10
19
20
29
25
28
11
17
16
4
21
10
8
4
0
23
21
24
0
7
17
27
16
17
0
7
14
2
12
8
8
29
