3
0
0
9
3
7
0
2
0
9
0
0
3
9
1
6
4
0
8
4
4
6
2
3
3
7
6
3
4
8
1
4
9
4
7
0
4
8
7
9
6
5
4
0
5
3
5
5
6
6
7
4
2
1
5
1
5
5
1
4
5
8
6
2
4
3
0
2
6
7
9
8
2
9
6
6
9
3
3
9
1
3
9
3
2
1
3
6
8
4
2
4
0
6
4
6
4
5
2
7
4
7
1
6
4
8
7
2
4
8
0
4
4
7
2
5
4
2
5
8
2
6
6
8
0
9
2
8
1
2
4
7
5
7
7
0
9
4
1
5
9
1
6
3
5
1
9
4
6
5
3
6
4
2
1
9
1
5
1
2
5
3
0
5
3
2
3
7
7
4
0
4
0
1
8
0
0
0
1
1
0
8
8
6
8
0
6
1
7
5
0
3
1
2
1
3
5
8
2
1
2
5
5
6
9
6
3
3
7
7
7
3
8
3
7
3
4
0
2
5
2
7
9
9
9
3
9
3
8
2
0
0
6
9
6
0
8
1
4
9
9
3
9
0
5
5
7
4
7
9
8
0
5
7
6
2
8
1
8
3
9
2
8
1
1
8
8
9
6
7
9
9
6
7
8
6
7
1
8
5
0
8
2
7
2
2
8
2
3
8
5
9
1
7
1
6
1
5
5
7
