26
10
19
28
13
25
25
16
19
4
24
15
8
15
0
1
5
9
11
29
2
3
12
14
18
21
7
6
27
23
13
19
0
6
23
4
12
7
2
10
16
8
17
15
16
20
25
18
14
26
28
5
22
27
3
29
11
1
24
9
22
8
28
0
12
1
6
1
15
17
3
19
5
23
29
16
13
4
24
7
21
9
18
14
27
26
9
25
20
11
7
27
29
24
10
29
13
4
13
1
7
0
23
22
18
5
16
14
14
20
2
8
26
6
2
21
26
1
28
17
20
10
21
13
8
15
12
3
26
6
24
23
11
4
12
3
5
5
22
27
14
18
2
23
20
6
22
11
19
21
14
18
1
3
16
26
4
0
11
28
2
12
17
15
13
27
10
22
7
24
21
19
25
6
8
23
20
5
29
9
29
25
14
13
6
11
18
17
23
24
8
0
26
28
1
20
3
5
4
22
7
12
9
19
2
16
27
10
17
21
22
20
16
7
19
4
1
18
0
28
15
29
14
23
24
3
10
25
6
16
8
21
0
9
28
17
12
11
2
27
18
20
25
5
26
8
27
4
16
19
17
12
2
21
1
7
14
6
0
28
24
24
17
11
3
10
13
22
9
29
26
15
29
11
10
21
12
3
19
25
15
7
20
22
5
10
25
23
9
17
2
13
0
4
18
27
28
8
15
9
