3
9
2
1
9
4
0
7
7
7
6
2
5
5
1
7
6
8
5
3
2
0
4
6
8
0
4
6
1
1
4
1
1
6
7
2
7
6
2
3
0
3
0
6
7
6
9
2
5
0
4
9
1
0
8
7
5
5
2
8
9
1
0
5
5
6
3
0
6
0
1
6
1
8
2
1
7
9
8
7
9
7
5
3
4
2
3
6
4
2
9
0
9
5
4
1
4
8
8
0
5
9
7
7
3
6
5
4
8
2
3
6
9
0
3
3
2
1
8
6
3
8
5
5
6
2
9
3
0
9
9
0
1
0
8
1
7
4
8
7
8
2
3
4
1
2
5
1
6
4
7
9
7
8
1
0
4
1
4
9
0
2
2
9
5
6
3
6
2
8
5
4
4
7
3
1
8
6
3
5
5
4
2
0
5
3
8
1
4
7
8
1
6
8
1
0
3
7
2
4
9
9
6
3
6
9
5
2
0
7
0
0
7
3
8
6
5
4
3
9
1
2
4
9
5
9
8
1
2
3
4
7
6
8
2
6
0
7
1
5
1
8
8
2
0
6
4
7
7
3
3
5
9
2
0
3
6
9
8
5
9
4
0
3
5
1
8
2
4
7
6
5
2
9
2
5
2
9
4
3
0
5
9
7
8
9
3
0
8
7
4
0
1
3
4
7
4
6
1
8
