4
8
4
5
8
5
9
4
9
1
0
8
0
4
4
7
8
3
8
3
2
4
9
3
4
9
8
2
9
7
0
6
6
9
3
2
9
2
1
7
8
8
3
9
2
4
6
7
4
4
1
3
4
3
8
8
0
7
9
4
1
3
2
7
8
9
4
3
9
8
1
0
4
2
0
3
0
8
5
8
6
0
3
3
0
4
4
6
7
4
7
1
7
8
9
1
2
2
2
2
2
0
4
5
5
8
8
7
7
2
7
2
4
4
8
9
7
1
2
9
4
6
1
0
1
2
5
6
1
1
1
1
2
6
2
0
5
0
1
4
7
3
9
7
5
0
6
0
3
8
6
9
9
5
0
9
6
8
9
4
3
9
3
3
6
9
8
7
2
4
5
9
9
4
2
3
0
1
4
3
6
8
0
2
1
1
9
9
3
7
2
4
0
1
0
8
2
3
1
4
2
3
5
8
3
7
3
0
1
5
5
6
7
0
5
0
3
3
6
7
1
8
5
6
6
0
0
1
8
7
7
6
3
5
2
4
7
2
2
9
2
1
9
8
8
6
7
1
7
3
0
0
1
5
8
3
4
0
5
6
1
6
2
6
1
1
6
6
2
0
6
6
0
5
5
7
5
7
5
7
7
9
8
7
5
9
6
5
6
5
6
5
5
6
9
5
5
5
3
1
