6
22
8
20
29
18
9
5
15
25
0
11
3
22
27
18
14
7
27
8
7
29
29
8
13
28
23
12
22
7
1
20
15
4
9
3
23
8
9
28
21
23
9
6
12
14
19
23
10
8
1
2
9
10
24
22
2
23
18
19
12
11
14
18
10
17
8
8
25
5
3
5
14
11
3
26
11
26
15
22
15
3
13
21
29
1
14
16
27
9
24
6
27
15
28
0
10
12
7
7
7
5
8
21
26
28
24
25
26
14
22
4
4
9
25
22
20
0
6
28
13
25
3
4
2
13
15
18
1
6
7
0
2
18
13
5
19
4
1
12
29
11
24
17
22
13
27
6
3
25
19
25
24
16
5
12
23
27
26
1
6
24
12
23
17
18
28
27
11
10
21
23
24
8
0
10
14
6
10
10
16
27
5
1
9
0
26
19
2
16
9
2
7
4
0
20
11
14
4
3
13
13
21
15
13
29
6
6
11
16
18
17
20
7
24
2
3
12
19
28
1
25
21
18
19
1
2
5
20
25
15
16
10
17
12
7
29
9
11
21
4
0
20
18
24
28
29
14
23
5
4
8
0
16
20
11
14
2
15
15
3
26
10
27
5
2
29
21
12
4
25
16
0
20
17
23
17
26
26
28
21
28
22
27
24
22
19
16
17
17
29
19
21
17
16
19
20
26
13
1
