0
18
8
14
8
19
6
5
8
3
17
14
4
1
3
12
6
4
8
15
10
3
7
19
0
16
12
9
12
4
7
6
9
15
3
4
11
15
16
10
5
2
2
18
13
0
5
6
6
1
15
19
5
17
0
10
13
9
2
14
13
14
9
17
12
3
10
2
6
16
0
19
2
6
1
9
16
12
1
11
13
8
18
18
11
9
11
4
18
15
17
11
15
8
7
3
18
18
5
19
11
19
3
4
13
13
18
19
19
17
0
5
15
11
13
2
14
8
6
18
2
0
9
0
16
1
7
14
14
13
17
14
16
0
16
18
14
4
8
18
10
18
7
15
5
6
19
13
10
7
5
11
7
12
3
3
12
17
2
15
2
11
11
1
8
16
1
2
12
9
19
15
3
3
10
15
12
5
7
4
2
6
7
8
15
7
0
9
9
0
14
6
1
11
19
5
11
10
8
5
10
7
1
4
14
7
18
16
13
18
10
16
7
16
16
4
13
13
19
3
5
11
0
2
15
6
17
0
14
7
13
17
12
15
4
14
17
5
10
9
10
5
9
11
3
3
10
1
19
1
12
7
1
4
14
8
8
4
17
6
17
14
9
17
1
17
19
9
4
13
12
16
15
16
1
12
12
8
11
0
0
9
5
18
12
19
6
4
10
16
10
13
6
2
3
8
2
2
1
17
