21
14
2
16
22
18
9
13
5
8
6
5
24
3
15
11
7
12
19
19
4
12
10
23
1
15
11
3
17
10
21
18
13
5
6
22
12
23
4
16
1
20
0
19
8
9
14
7
0
24
2
14
18
10
7
6
19
10
5
4
15
21
3
13
8
23
0
15
24
1
17
20
11
12
22
17
8
2
7
8
20
6
11
18
11
19
4
13
4
2
0
14
23
1
10
16
3
21
6
5
22
17
1
11
12
17
24
8
6
2
0
3
9
7
21
13
22
14
20
13
18
16
23
3
12
23
10
19
13
20
18
4
24
21
2
5
2
16
14
22
11
17
17
6
8
1
3
9
7
12
4
21
19
11
2
5
23
3
6
16
24
18
15
0
17
1
14
12
9
22
8
7
20
10
13
22
9
6
5
14
4
20
19
14
3
24
0
23
11
18
21
13
7
2
9
17
16
1
10
15
5
7
13
10
17
8
24
16
9
1
21
23
9
20
22
18
15
4
6
3
0
2
19
12
14
15
0
20
15
11
23
16
21
10
24
9
15
8
4
24
5
19
22
7
1
0
18
12
16
20
