2
14
10
13
14
9
19
14
18
10
17
12
8
9
13
9
11
17
6
12
16
14
8
7
8
2
2
17
15
13
16
0
18
14
8
15
2
7
3
18
2
9
10
7
7
14
4
16
19
0
14
10
1
7
3
13
18
8
2
2
0
10
4
12
9
12
12
17
7
10
9
12
15
2
19
1
11
8
0
1
11
1
13
10
18
14
19
3
19
4
8
8
7
18
15
12
13
15
5
9
6
15
5
14
14
4
5
11
12
5
4
3
5
4
6
18
0
10
11
6
5
11
9
2
19
9
7
19
3
0
16
12
11
3
16
17
12
13
4
13
3
0
19
10
10
2
17
14
12
11
15
14
17
19
15
16
7
10
15
13
0
12
15
0
18
0
8
18
11
0
17
16
19
7
5
13
4
4
0
12
18
19
5
13
13
16
5
17
13
5
8
15
9
5
18
6
5
5
6
18
11
10
3
6
9
6
8
0
9
11
9
4
8
1
8
6
19
18
6
10
8
16
17
15
11
17
1
3
13
7
18
17
4
6
14
0
16
16
7
19
15
0
16
10
19
9
7
3
1
4
11
8
1
12
6
2
5
18
3
1
15
14
2
6
6
1
7
19
9
3
13
4
17
4
17
11
17
1
3
2
1
2
16
1
1
1
16
12
14
4
10
3
11
6
3
5
16
15
7
2
