6
27
15
23
27
24
28
26
20
23
1
25
14
10
11
12
17
29
7
9
21
29
8
0
8
3
28
19
16
22
18
10
29
26
4
16
13
0
7
9
13
24
15
0
0
27
21
18
7
13
26
26
14
2
13
17
20
4
11
6
29
18
13
23
7
22
19
26
0
23
18
22
16
14
26
14
18
4
0
0
15
16
11
8
28
27
28
24
28
3
11
5
5
28
17
25
22
7
10
11
4
16
13
29
26
12
1
18
24
1
12
5
4
12
2
11
1
23
15
1
1
15
9
14
20
11
0
20
10
5
21
23
19
10
17
20
25
24
10
22
14
3
20
18
18
13
24
27
25
17
16
27
20
19
16
21
8
17
16
22
3
14
16
20
21
6
5
28
17
12
28
19
24
7
4
9
10
12
15
25
9
20
4
22
23
21
1
6
25
2
3
29
29
1
28
2
1
0
11
26
17
24
7
2
9
2
7
19
22
18
23
3
4
12
4
8
26
21
5
15
3
27
9
27
17
19
11
8
9
0
21
19
3
1
29
6
19
21
8
20
17
12
19
26
24
24
3
7
11
12
14
4
2
25
18
6
22
28
3
6
16
25
6
5
27
2
5
22
8
25
23
10
9
8
9
15
29
2
13
5
14
13
10
2
14
6
29
25
27
12
5
23
15
10
7
13
21
15
8
6
